part_num,block,experience,trial_num,ratio,choice,decision,starting_ratio,ending_ratio,direction,correlation,variance
102,1,trained,1,0.6,0,0,0.6,1.4,ascending,0.866025404,0.277777778
102,1,trained,2,0.7,0,0,0.6,1.4,ascending,0.866025404,0.277777778
102,1,trained,3,0.8,0,0,0.6,1.4,ascending,0.866025404,0.277777778
102,1,trained,4,0.9,0,0,0.6,1.4,ascending,0.866025404,0.277777778
102,1,trained,5,1,0,0,0.6,1.4,ascending,0.866025404,0.277777778
102,1,trained,6,1.1,0,1,0.6,1.4,ascending,0.866025404,0.277777778
102,1,trained,7,1.2,0,1,0.6,1.4,ascending,0.866025404,0.277777778
102,1,trained,8,1.3,0,1,0.6,1.4,ascending,0.866025404,0.277777778
102,1,trained,9,1.4,0,1,0.6,1.4,ascending,0.866025404,0.277777778
102,1,trained,10,1.4,0,1,1.4,0.6,descending,0.730296743,0.25
102,1,trained,11,1.3,0,1,1.4,0.6,descending,0.730296743,0.25
102,1,trained,12,1.2,1,0,1.4,0.6,descending,0.730296743,0.25
102,1,trained,13,1.1,0,1,1.4,0.6,descending,0.730296743,0.25
102,1,trained,14,1,0,0,1.4,0.6,descending,0.730296743,0.25
102,1,trained,15,0.9,0,0,1.4,0.6,descending,0.730296743,0.25
102,1,trained,16,0.8,0,0,1.4,0.6,descending,0.730296743,0.25
102,1,trained,17,0.7,0,0,1.4,0.6,descending,0.730296743,0.25
102,1,trained,18,0.6,0,0,1.4,0.6,descending,0.730296743,0.25
102,1,trained,19,0.6,0,0,0.6,1.4,ascending,0.821583836,0.25
102,1,trained,20,0.7,0,0,0.6,1.4,ascending,0.821583836,0.25
102,1,trained,21,0.8,0,0,0.6,1.4,ascending,0.821583836,0.25
102,1,trained,22,0.9,0,0,0.6,1.4,ascending,0.821583836,0.25
102,1,trained,23,1,0,0,0.6,1.4,ascending,0.821583836,0.25
102,1,trained,24,1.1,1,0,0.6,1.4,ascending,0.821583836,0.25
102,1,trained,25,1.2,0,1,0.6,1.4,ascending,0.821583836,0.25
102,1,trained,26,1.3,0,1,0.6,1.4,ascending,0.821583836,0.25
102,1,trained,27,1.4,0,1,0.6,1.4,ascending,0.821583836,0.25
102,1,trained,28,1.4,0,1,1.4,0.6,descending,0.866025404,0.277777778
102,1,trained,29,1.3,0,1,1.4,0.6,descending,0.866025404,0.277777778
102,1,trained,30,1.2,0,1,1.4,0.6,descending,0.866025404,0.277777778
102,1,trained,31,1.1,0,1,1.4,0.6,descending,0.866025404,0.277777778
102,1,trained,32,1,0,0,1.4,0.6,descending,0.866025404,0.277777778
102,1,trained,33,0.9,0,0,1.4,0.6,descending,0.866025404,0.277777778
102,1,trained,34,0.8,0,0,1.4,0.6,descending,0.866025404,0.277777778
102,1,trained,35,0.7,0,0,1.4,0.6,descending,0.866025404,0.277777778
102,1,trained,36,0.6,0,0,1.4,0.6,descending,0.866025404,0.277777778
102,1,trained,37,0.6,0,0,0.6,1.4,ascending,0.866025404,0.277777778
102,1,trained,38,0.7,0,0,0.6,1.4,ascending,0.866025404,0.277777778
102,1,trained,39,0.8,0,0,0.6,1.4,ascending,0.866025404,0.277777778
102,1,trained,40,0.9,0,0,0.6,1.4,ascending,0.866025404,0.277777778
102,1,trained,41,1,0,0,0.6,1.4,ascending,0.866025404,0.277777778
102,1,trained,42,1.1,0,1,0.6,1.4,ascending,0.866025404,0.277777778
102,1,trained,43,1.2,0,1,0.6,1.4,ascending,0.866025404,0.277777778
102,1,trained,44,1.3,0,1,0.6,1.4,ascending,0.866025404,0.277777778
102,1,trained,45,1.4,0,1,0.6,1.4,ascending,0.866025404,0.277777778
102,1,trained,46,1.4,0,1,1.4,0.6,descending,0.821583836,0.25
102,1,trained,47,1.3,0,1,1.4,0.6,descending,0.821583836,0.25
102,1,trained,48,1.2,0,1,1.4,0.6,descending,0.821583836,0.25
102,1,trained,49,1.1,1,0,1.4,0.6,descending,0.821583836,0.25
102,1,trained,50,1,0,0,1.4,0.6,descending,0.821583836,0.25
102,1,trained,51,0.9,0,0,1.4,0.6,descending,0.821583836,0.25
102,1,trained,52,0.8,0,0,1.4,0.6,descending,0.821583836,0.25
102,1,trained,53,0.7,0,0,1.4,0.6,descending,0.821583836,0.25
102,1,trained,54,0.6,0,0,1.4,0.6,descending,0.821583836,0.25
102,1,trained,55,0.6,0,0,0.6,1.4,ascending,0.866025404,0.277777778
102,1,trained,56,0.7,0,0,0.6,1.4,ascending,0.866025404,0.277777778
102,1,trained,57,0.8,0,0,0.6,1.4,ascending,0.866025404,0.277777778
102,1,trained,58,0.9,0,0,0.6,1.4,ascending,0.866025404,0.277777778
102,1,trained,59,1,0,0,0.6,1.4,ascending,0.866025404,0.277777778
102,1,trained,60,1.1,0,1,0.6,1.4,ascending,0.866025404,0.277777778
102,1,trained,61,1.2,0,1,0.6,1.4,ascending,0.866025404,0.277777778
102,1,trained,62,1.3,0,1,0.6,1.4,ascending,0.866025404,0.277777778
102,1,trained,63,1.4,0,1,0.6,1.4,ascending,0.866025404,0.277777778
102,1,trained,64,1.4,0,1,1.4,0.6,descending,0.730296743,0.25
102,1,trained,65,1.3,0,1,1.4,0.6,descending,0.730296743,0.25
102,1,trained,66,1.2,1,0,1.4,0.6,descending,0.730296743,0.25
102,1,trained,67,1.1,0,1,1.4,0.6,descending,0.730296743,0.25
102,1,trained,68,1,0,0,1.4,0.6,descending,0.730296743,0.25
102,1,trained,69,0.9,0,0,1.4,0.6,descending,0.730296743,0.25
102,1,trained,70,0.8,0,0,1.4,0.6,descending,0.730296743,0.25
102,1,trained,71,0.7,0,0,1.4,0.6,descending,0.730296743,0.25
102,1,trained,72,0.6,0,0,1.4,0.6,descending,0.730296743,0.25
102,2,untrained,28,0.6,0,0,0.6,1.4,ascending,0.547722558,0.111111111
102,2,untrained,29,0.7,0,0,0.6,1.4,ascending,0.547722558,0.111111111
102,2,untrained,30,0.8,0,0,0.6,1.4,ascending,0.547722558,0.111111111
102,2,untrained,31,0.9,0,0,0.6,1.4,ascending,0.547722558,0.111111111
102,2,untrained,32,1,0,0,0.6,1.4,ascending,0.547722558,0.111111111
102,2,untrained,33,1.1,1,0,0.6,1.4,ascending,0.547722558,0.111111111
102,2,untrained,34,1.2,1,0,0.6,1.4,ascending,0.547722558,0.111111111
102,2,untrained,35,1.3,1,0,0.6,1.4,ascending,0.547722558,0.111111111
102,2,untrained,36,1.4,0,1,0.6,1.4,ascending,0.547722558,0.111111111
102,2,untrained,37,1.4,0,1,1.4,0.6,descending,0.547722558,0.111111111
102,2,untrained,38,1.3,1,0,1.4,0.6,descending,0.547722558,0.111111111
102,2,untrained,39,1.2,1,0,1.4,0.6,descending,0.547722558,0.111111111
102,2,untrained,40,1.1,1,0,1.4,0.6,descending,0.547722558,0.111111111
102,2,untrained,41,1,0,0,1.4,0.6,descending,0.547722558,0.111111111
102,2,untrained,42,0.9,0,0,1.4,0.6,descending,0.547722558,0.111111111
102,2,untrained,43,0.8,0,0,1.4,0.6,descending,0.547722558,0.111111111
102,2,untrained,44,0.7,0,0,1.4,0.6,descending,0.547722558,0.111111111
102,2,untrained,45,0.6,0,0,1.4,0.6,descending,0.547722558,0.111111111
102,2,untrained,46,0.6,0,0,0.6,1.4,ascending,0.724568837,0.194444444
102,2,untrained,47,0.7,0,0,0.6,1.4,ascending,0.724568837,0.194444444
102,2,untrained,48,0.8,0,0,0.6,1.4,ascending,0.724568837,0.194444444
102,2,untrained,49,0.9,0,0,0.6,1.4,ascending,0.724568837,0.194444444
102,2,untrained,50,1,0,0,0.6,1.4,ascending,0.724568837,0.194444444
102,2,untrained,51,1.1,1,0,0.6,1.4,ascending,0.724568837,0.194444444
102,2,untrained,52,1.2,1,0,0.6,1.4,ascending,0.724568837,0.194444444
102,2,untrained,53,1.3,0,1,0.6,1.4,ascending,0.724568837,0.194444444
102,2,untrained,54,1.4,0,1,0.6,1.4,ascending,0.724568837,0.194444444
102,2,untrained,55,1.4,0,1,1.4,0.6,descending,0.547722558,0.25
102,2,untrained,56,1.3,1,0,1.4,0.6,descending,0.547722558,0.25
102,2,untrained,57,1.2,0,1,1.4,0.6,descending,0.547722558,0.25
102,2,untrained,58,1.1,1,0,1.4,0.6,descending,0.547722558,0.25
102,2,untrained,59,1,1,1,1.4,0.6,descending,0.547722558,0.25
102,2,untrained,60,0.9,0,0,1.4,0.6,descending,0.547722558,0.25
102,2,untrained,61,0.8,0,0,1.4,0.6,descending,0.547722558,0.25
102,2,untrained,62,0.7,0,0,1.4,0.6,descending,0.547722558,0.25
102,2,untrained,63,0.6,0,0,1.4,0.6,descending,0.547722558,0.25
102,2,untrained,64,0.6,0,0,0.6,1.4,ascending,0.866025404,0.277777778
102,2,untrained,65,0.7,0,0,0.6,1.4,ascending,0.866025404,0.277777778
102,2,untrained,66,0.8,0,0,0.6,1.4,ascending,0.866025404,0.277777778
102,2,untrained,67,0.9,0,0,0.6,1.4,ascending,0.866025404,0.277777778
102,2,untrained,68,1,0,0,0.6,1.4,ascending,0.866025404,0.277777778
102,2,untrained,69,1.1,0,1,0.6,1.4,ascending,0.866025404,0.277777778
102,2,untrained,70,1.2,0,1,0.6,1.4,ascending,0.866025404,0.277777778
102,2,untrained,71,1.3,0,1,0.6,1.4,ascending,0.866025404,0.277777778
102,2,untrained,72,1.4,0,1,0.6,1.4,ascending,0.866025404,0.277777778
103,1,untrained,1,0.6,0,0,0.6,1.4,ascending,0.866025404,0.277777778
103,1,untrained,2,0.7,0,0,0.6,1.4,ascending,0.866025404,0.277777778
103,1,untrained,3,0.8,0,0,0.6,1.4,ascending,0.866025404,0.277777778
103,1,untrained,4,0.9,0,0,0.6,1.4,ascending,0.866025404,0.277777778
103,1,untrained,5,1,1,1,0.6,1.4,ascending,0.866025404,0.277777778
103,1,untrained,6,1.1,0,1,0.6,1.4,ascending,0.866025404,0.277777778
103,1,untrained,7,1.2,0,1,0.6,1.4,ascending,0.866025404,0.277777778
103,1,untrained,8,1.3,0,1,0.6,1.4,ascending,0.866025404,0.277777778
103,1,untrained,9,1.4,0,1,0.6,1.4,ascending,0.866025404,0.277777778
103,1,untrained,10,1.4,0,1,1.4,0.6,descending,0.51754917,0.194444444
103,1,untrained,11,1.3,1,0,1.4,0.6,descending,0.51754917,0.194444444
103,1,untrained,12,1.2,1,0,1.4,0.6,descending,0.51754917,0.194444444
103,1,untrained,13,1.1,0,1,1.4,0.6,descending,0.51754917,0.194444444
103,1,untrained,14,1,0,0,1.4,0.6,descending,0.51754917,0.194444444
103,1,untrained,15,0.9,0,0,1.4,0.6,descending,0.51754917,0.194444444
103,1,untrained,16,0.8,0,0,1.4,0.6,descending,0.51754917,0.194444444
103,1,untrained,17,0.7,0,0,1.4,0.6,descending,0.51754917,0.194444444
103,1,untrained,18,0.6,0,0,1.4,0.6,descending,0.51754917,0.194444444
103,1,untrained,19,0.6,0,0,0.6,1.4,ascending,0.821583836,0.25
103,1,untrained,20,0.7,0,0,0.6,1.4,ascending,0.821583836,0.25
103,1,untrained,21,0.8,0,0,0.6,1.4,ascending,0.821583836,0.25
103,1,untrained,22,0.9,0,0,0.6,1.4,ascending,0.821583836,0.25
103,1,untrained,23,1,0,0,0.6,1.4,ascending,0.821583836,0.25
103,1,untrained,24,1.1,1,0,0.6,1.4,ascending,0.821583836,0.25
103,1,untrained,25,1.2,0,1,0.6,1.4,ascending,0.821583836,0.25
103,1,untrained,26,1.3,0,1,0.6,1.4,ascending,0.821583836,0.25
103,1,untrained,27,1.4,0,1,0.6,1.4,ascending,0.821583836,0.25
103,1,untrained,28,1.4,0,1,1.4,0.6,descending,0.866025404,0.277777778
103,1,untrained,29,1.3,0,1,1.4,0.6,descending,0.866025404,0.277777778
103,1,untrained,30,1.2,0,1,1.4,0.6,descending,0.866025404,0.277777778
103,1,untrained,31,1.1,0,1,1.4,0.6,descending,0.866025404,0.277777778
103,1,untrained,32,1,0,0,1.4,0.6,descending,0.866025404,0.277777778
103,1,untrained,33,0.9,0,0,1.4,0.6,descending,0.866025404,0.277777778
103,1,untrained,34,0.8,0,0,1.4,0.6,descending,0.866025404,0.277777778
103,1,untrained,35,0.7,0,0,1.4,0.6,descending,0.866025404,0.277777778
103,1,untrained,36,0.6,0,0,1.4,0.6,descending,0.866025404,0.277777778
103,1,untrained,37,0.6,0,0,0.6,1.4,ascending,0.821583836,0.25
103,1,untrained,38,0.7,0,0,0.6,1.4,ascending,0.821583836,0.25
103,1,untrained,39,0.8,0,0,0.6,1.4,ascending,0.821583836,0.25
103,1,untrained,40,0.9,1,1,0.6,1.4,ascending,0.821583836,0.25
103,1,untrained,41,1,1,1,0.6,1.4,ascending,0.821583836,0.25
103,1,untrained,42,1.1,0,1,0.6,1.4,ascending,0.821583836,0.25
103,1,untrained,43,1.2,0,1,0.6,1.4,ascending,0.821583836,0.25
103,1,untrained,44,1.3,0,1,0.6,1.4,ascending,0.821583836,0.25
103,1,untrained,45,1.4,0,1,0.6,1.4,ascending,0.821583836,0.25
103,1,untrained,46,1.4,0,1,1.4,0.6,descending,0.779422863,0.277777778
103,1,untrained,47,1.3,0,1,1.4,0.6,descending,0.779422863,0.277777778
103,1,untrained,48,1.2,0,1,1.4,0.6,descending,0.779422863,0.277777778
103,1,untrained,49,1.1,1,0,1.4,0.6,descending,0.779422863,0.277777778
103,1,untrained,50,1,1,1,1.4,0.6,descending,0.779422863,0.277777778
103,1,untrained,51,0.9,0,0,1.4,0.6,descending,0.779422863,0.277777778
103,1,untrained,52,0.8,0,0,1.4,0.6,descending,0.779422863,0.277777778
103,1,untrained,53,0.7,0,0,1.4,0.6,descending,0.779422863,0.277777778
103,1,untrained,54,0.6,0,0,1.4,0.6,descending,0.779422863,0.277777778
103,1,untrained,55,0.6,0,0,0.6,1.4,ascending,0.866025404,0.277777778
103,1,untrained,56,0.7,0,0,0.6,1.4,ascending,0.866025404,0.277777778
103,1,untrained,57,0.8,0,0,0.6,1.4,ascending,0.866025404,0.277777778
103,1,untrained,58,0.9,0,0,0.6,1.4,ascending,0.866025404,0.277777778
103,1,untrained,59,1,0,0,0.6,1.4,ascending,0.866025404,0.277777778
103,1,untrained,60,1.1,0,1,0.6,1.4,ascending,0.866025404,0.277777778
103,1,untrained,61,1.2,0,1,0.6,1.4,ascending,0.866025404,0.277777778
103,1,untrained,62,1.3,0,1,0.6,1.4,ascending,0.866025404,0.277777778
103,1,untrained,63,1.4,0,1,0.6,1.4,ascending,0.866025404,0.277777778
103,1,untrained,64,1.4,0,1,1.4,0.6,descending,0.866025404,0.277777778
103,1,untrained,65,1.3,0,1,1.4,0.6,descending,0.866025404,0.277777778
103,1,untrained,66,1.2,0,1,1.4,0.6,descending,0.866025404,0.277777778
103,1,untrained,67,1.1,0,1,1.4,0.6,descending,0.866025404,0.277777778
103,1,untrained,68,1,0,0,1.4,0.6,descending,0.866025404,0.277777778
103,1,untrained,69,0.9,0,0,1.4,0.6,descending,0.866025404,0.277777778
103,1,untrained,70,0.8,0,0,1.4,0.6,descending,0.866025404,0.277777778
103,1,untrained,71,0.7,0,0,1.4,0.6,descending,0.866025404,0.277777778
103,1,untrained,72,0.6,0,0,1.4,0.6,descending,0.866025404,0.277777778
103,2,trained,1,1.4,0,1,1.4,0.6,descending,0.866025404,0.277777778
103,2,trained,2,1.3,0,1,1.4,0.6,descending,0.866025404,0.277777778
103,2,trained,3,1.2,0,1,1.4,0.6,descending,0.866025404,0.277777778
103,2,trained,4,1.1,0,1,1.4,0.6,descending,0.866025404,0.277777778
103,2,trained,5,1,0,0,1.4,0.6,descending,0.866025404,0.277777778
103,2,trained,6,0.9,0,0,1.4,0.6,descending,0.866025404,0.277777778
103,2,trained,7,0.8,0,0,1.4,0.6,descending,0.866025404,0.277777778
103,2,trained,8,0.7,0,0,1.4,0.6,descending,0.866025404,0.277777778
103,2,trained,9,0.6,0,0,1.4,0.6,descending,0.866025404,0.277777778
103,2,trained,10,0.6,0,0,0.6,1.4,ascending,0.866025404,0.277777778
103,2,trained,11,0.7,0,0,0.6,1.4,ascending,0.866025404,0.277777778
103,2,trained,12,0.8,0,0,0.6,1.4,ascending,0.866025404,0.277777778
103,2,trained,13,0.9,0,0,0.6,1.4,ascending,0.866025404,0.277777778
103,2,trained,14,1,1,1,0.6,1.4,ascending,0.866025404,0.277777778
103,2,trained,15,1.1,0,1,0.6,1.4,ascending,0.866025404,0.277777778
103,2,trained,16,1.2,0,1,0.6,1.4,ascending,0.866025404,0.277777778
103,2,trained,17,1.3,0,1,0.6,1.4,ascending,0.866025404,0.277777778
103,2,trained,18,1.4,0,1,0.6,1.4,ascending,0.866025404,0.277777778
103,2,trained,19,1.4,0,1,1.4,0.6,descending,0.821583836,0.25
103,2,trained,20,1.3,0,1,1.4,0.6,descending,0.821583836,0.25
103,2,trained,21,1.2,0,1,1.4,0.6,descending,0.821583836,0.25
103,2,trained,22,1.1,0,1,1.4,0.6,descending,0.821583836,0.25
103,2,trained,23,1,1,1,1.4,0.6,descending,0.821583836,0.25
103,2,trained,24,0.9,1,1,1.4,0.6,descending,0.821583836,0.25
103,2,trained,25,0.8,0,0,1.4,0.6,descending,0.821583836,0.25
103,2,trained,26,0.7,0,0,1.4,0.6,descending,0.821583836,0.25
103,2,trained,27,0.6,0,0,1.4,0.6,descending,0.821583836,0.25
103,2,trained,28,0.6,0,0,0.6,1.4,ascending,0.866025404,0.277777778
103,2,trained,29,0.7,0,0,0.6,1.4,ascending,0.866025404,0.277777778
103,2,trained,30,0.8,0,0,0.6,1.4,ascending,0.866025404,0.277777778
103,2,trained,31,0.9,0,0,0.6,1.4,ascending,0.866025404,0.277777778
103,2,trained,32,1,0,0,0.6,1.4,ascending,0.866025404,0.277777778
103,2,trained,33,1.1,0,1,0.6,1.4,ascending,0.866025404,0.277777778
103,2,trained,34,1.2,0,1,0.6,1.4,ascending,0.866025404,0.277777778
103,2,trained,35,1.3,0,1,0.6,1.4,ascending,0.866025404,0.277777778
103,2,trained,36,1.4,0,1,0.6,1.4,ascending,0.866025404,0.277777778
103,2,trained,37,1.4,0,1,1.4,0.6,descending,0.866025404,0.277777778
103,2,trained,38,1.3,0,1,1.4,0.6,descending,0.866025404,0.277777778
103,2,trained,39,1.2,0,1,1.4,0.6,descending,0.866025404,0.277777778
103,2,trained,40,1.1,0,1,1.4,0.6,descending,0.866025404,0.277777778
103,2,trained,41,1,1,1,1.4,0.6,descending,0.866025404,0.277777778
103,2,trained,42,0.9,0,0,1.4,0.6,descending,0.866025404,0.277777778
103,2,trained,43,0.8,0,0,1.4,0.6,descending,0.866025404,0.277777778
103,2,trained,44,0.7,0,0,1.4,0.6,descending,0.866025404,0.277777778
103,2,trained,45,0.6,0,0,1.4,0.6,descending,0.866025404,0.277777778
103,2,trained,46,0.6,0,0,0.6,1.4,ascending,0.866025404,0.277777778
103,2,trained,47,0.7,0,0,0.6,1.4,ascending,0.866025404,0.277777778
103,2,trained,48,0.8,0,0,0.6,1.4,ascending,0.866025404,0.277777778
103,2,trained,49,0.9,0,0,0.6,1.4,ascending,0.866025404,0.277777778
103,2,trained,50,1,1,1,0.6,1.4,ascending,0.866025404,0.277777778
103,2,trained,51,1.1,0,1,0.6,1.4,ascending,0.866025404,0.277777778
103,2,trained,52,1.2,0,1,0.6,1.4,ascending,0.866025404,0.277777778
103,2,trained,53,1.3,0,1,0.6,1.4,ascending,0.866025404,0.277777778
103,2,trained,54,1.4,0,1,0.6,1.4,ascending,0.866025404,0.277777778
103,2,trained,55,1.4,0,1,1.4,0.6,descending,0.866025404,0.277777778
103,2,trained,56,1.3,0,1,1.4,0.6,descending,0.866025404,0.277777778
103,2,trained,57,1.2,0,1,1.4,0.6,descending,0.866025404,0.277777778
103,2,trained,58,1.1,0,1,1.4,0.6,descending,0.866025404,0.277777778
103,2,trained,59,1,0,0,1.4,0.6,descending,0.866025404,0.277777778
103,2,trained,60,0.9,0,0,1.4,0.6,descending,0.866025404,0.277777778
103,2,trained,61,0.8,0,0,1.4,0.6,descending,0.866025404,0.277777778
103,2,trained,62,0.7,0,0,1.4,0.6,descending,0.866025404,0.277777778
103,2,trained,63,0.6,0,0,1.4,0.6,descending,0.866025404,0.277777778
103,2,trained,64,0.6,0,0,0.6,1.4,ascending,0.866025404,0.277777778
103,2,trained,65,0.7,0,0,0.6,1.4,ascending,0.866025404,0.277777778
103,2,trained,66,0.8,0,0,0.6,1.4,ascending,0.866025404,0.277777778
103,2,trained,67,0.9,0,0,0.6,1.4,ascending,0.866025404,0.277777778
103,2,trained,68,1,1,1,0.6,1.4,ascending,0.866025404,0.277777778
103,2,trained,69,1.1,0,1,0.6,1.4,ascending,0.866025404,0.277777778
103,2,trained,70,1.2,0,1,0.6,1.4,ascending,0.866025404,0.277777778
103,2,trained,71,1.3,0,1,0.6,1.4,ascending,0.866025404,0.277777778
103,2,trained,72,1.4,0,1,0.6,1.4,ascending,0.866025404,0.277777778
104,1,trained,1,0.6,0,0,0.6,1.4,ascending,0.866025404,0.277777778
104,1,trained,2,0.7,0,0,0.6,1.4,ascending,0.866025404,0.277777778
104,1,trained,3,0.8,0,0,0.6,1.4,ascending,0.866025404,0.277777778
104,1,trained,4,0.9,0,0,0.6,1.4,ascending,0.866025404,0.277777778
104,1,trained,5,1,1,1,0.6,1.4,ascending,0.866025404,0.277777778
104,1,trained,6,1.1,0,1,0.6,1.4,ascending,0.866025404,0.277777778
104,1,trained,7,1.2,0,1,0.6,1.4,ascending,0.866025404,0.277777778
104,1,trained,8,1.3,0,1,0.6,1.4,ascending,0.866025404,0.277777778
104,1,trained,9,1.4,0,1,0.6,1.4,ascending,0.866025404,0.277777778
104,1,trained,10,1.4,0,1,1.4,0.6,descending,0.724568837,0.194444444
104,1,trained,11,1.3,0,1,1.4,0.6,descending,0.724568837,0.194444444
104,1,trained,12,1.2,1,0,1.4,0.6,descending,0.724568837,0.194444444
104,1,trained,13,1.1,1,0,1.4,0.6,descending,0.724568837,0.194444444
104,1,trained,14,1,0,0,1.4,0.6,descending,0.724568837,0.194444444
104,1,trained,15,0.9,0,0,1.4,0.6,descending,0.724568837,0.194444444
104,1,trained,16,0.8,0,0,1.4,0.6,descending,0.724568837,0.194444444
104,1,trained,17,0.7,0,0,1.4,0.6,descending,0.724568837,0.194444444
104,1,trained,18,0.6,0,0,1.4,0.6,descending,0.724568837,0.194444444
104,1,trained,19,0.6,0,0,0.6,1.4,ascending,0.866025404,0.277777778
104,1,trained,20,0.7,0,0,0.6,1.4,ascending,0.866025404,0.277777778
104,1,trained,21,0.8,0,0,0.6,1.4,ascending,0.866025404,0.277777778
104,1,trained,22,0.9,0,0,0.6,1.4,ascending,0.866025404,0.277777778
104,1,trained,23,1,0,0,0.6,1.4,ascending,0.866025404,0.277777778
104,1,trained,24,1.1,0,1,0.6,1.4,ascending,0.866025404,0.277777778
104,1,trained,25,1.2,0,1,0.6,1.4,ascending,0.866025404,0.277777778
104,1,trained,26,1.3,0,1,0.6,1.4,ascending,0.866025404,0.277777778
104,1,trained,27,1.4,0,1,0.6,1.4,ascending,0.866025404,0.277777778
104,1,trained,28,1.4,0,1,1.4,0.6,descending,0.866025404,0.277777778
104,1,trained,29,1.3,0,1,1.4,0.6,descending,0.866025404,0.277777778
104,1,trained,30,1.2,0,1,1.4,0.6,descending,0.866025404,0.277777778
104,1,trained,31,1.1,0,1,1.4,0.6,descending,0.866025404,0.277777778
104,1,trained,32,1,0,0,1.4,0.6,descending,0.866025404,0.277777778
104,1,trained,33,0.9,0,0,1.4,0.6,descending,0.866025404,0.277777778
104,1,trained,34,0.8,0,0,1.4,0.6,descending,0.866025404,0.277777778
104,1,trained,35,0.7,0,0,1.4,0.6,descending,0.866025404,0.277777778
104,1,trained,36,0.6,0,0,1.4,0.6,descending,0.866025404,0.277777778
104,1,trained,37,0.6,0,0,0.6,1.4,ascending,0.866025404,0.277777778
104,1,trained,38,0.7,0,0,0.6,1.4,ascending,0.866025404,0.277777778
104,1,trained,39,0.8,0,0,0.6,1.4,ascending,0.866025404,0.277777778
104,1,trained,40,0.9,0,0,0.6,1.4,ascending,0.866025404,0.277777778
104,1,trained,41,1,0,0,0.6,1.4,ascending,0.866025404,0.277777778
104,1,trained,42,1.1,0,1,0.6,1.4,ascending,0.866025404,0.277777778
104,1,trained,43,1.2,0,1,0.6,1.4,ascending,0.866025404,0.277777778
104,1,trained,44,1.3,0,1,0.6,1.4,ascending,0.866025404,0.277777778
104,1,trained,45,1.4,0,1,0.6,1.4,ascending,0.866025404,0.277777778
104,1,trained,46,1.4,0,1,1.4,0.6,descending,0.692820323,0.277777778
104,1,trained,47,1.3,0,1,1.4,0.6,descending,0.692820323,0.277777778
104,1,trained,48,1.2,1,0,1.4,0.6,descending,0.692820323,0.277777778
104,1,trained,49,1.1,0,1,1.4,0.6,descending,0.692820323,0.277777778
104,1,trained,50,1,1,1,1.4,0.6,descending,0.692820323,0.277777778
104,1,trained,51,0.9,0,0,1.4,0.6,descending,0.692820323,0.277777778
104,1,trained,52,0.8,0,0,1.4,0.6,descending,0.692820323,0.277777778
104,1,trained,53,0.7,0,0,1.4,0.6,descending,0.692820323,0.277777778
104,1,trained,54,0.6,0,0,1.4,0.6,descending,0.692820323,0.277777778
104,1,trained,55,0.6,0,0,0.6,1.4,ascending,0.866025404,0.277777778
104,1,trained,56,0.7,0,0,0.6,1.4,ascending,0.866025404,0.277777778
104,1,trained,57,0.8,0,0,0.6,1.4,ascending,0.866025404,0.277777778
104,1,trained,58,0.9,0,0,0.6,1.4,ascending,0.866025404,0.277777778
104,1,trained,59,1,0,0,0.6,1.4,ascending,0.866025404,0.277777778
104,1,trained,60,1.1,0,1,0.6,1.4,ascending,0.866025404,0.277777778
104,1,trained,61,1.2,0,1,0.6,1.4,ascending,0.866025404,0.277777778
104,1,trained,62,1.3,0,1,0.6,1.4,ascending,0.866025404,0.277777778
104,1,trained,63,1.4,0,1,0.6,1.4,ascending,0.866025404,0.277777778
104,1,trained,64,1.4,0,1,1.4,0.6,descending,0.821583836,0.25
104,1,trained,65,1.3,0,1,1.4,0.6,descending,0.821583836,0.25
104,1,trained,66,1.2,0,1,1.4,0.6,descending,0.821583836,0.25
104,1,trained,67,1.1,0,1,1.4,0.6,descending,0.821583836,0.25
104,1,trained,68,1,1,1,1.4,0.6,descending,0.821583836,0.25
104,1,trained,69,0.9,1,1,1.4,0.6,descending,0.821583836,0.25
104,1,trained,70,0.8,0,0,1.4,0.6,descending,0.821583836,0.25
104,1,trained,71,0.7,0,0,1.4,0.6,descending,0.821583836,0.25
104,1,trained,72,0.6,0,0,1.4,0.6,descending,0.821583836,0.25
104,2,untrained,10,0.6,0,0,0.6,1.4,ascending,0.547722558,0.111111111
104,2,untrained,11,0.7,0,0,0.6,1.4,ascending,0.547722558,0.111111111
104,2,untrained,12,0.8,0,0,0.6,1.4,ascending,0.547722558,0.111111111
104,2,untrained,13,0.9,0,0,0.6,1.4,ascending,0.547722558,0.111111111
104,2,untrained,14,1,0,0,0.6,1.4,ascending,0.547722558,0.111111111
104,2,untrained,15,1.1,1,0,0.6,1.4,ascending,0.547722558,0.111111111
104,2,untrained,16,1.2,1,0,0.6,1.4,ascending,0.547722558,0.111111111
104,2,untrained,17,1.3,1,0,0.6,1.4,ascending,0.547722558,0.111111111
104,2,untrained,18,1.4,0,1,0.6,1.4,ascending,0.547722558,0.111111111
104,2,untrained,19,1.4,0,1,1.4,0.6,descending,0.621059003,0.194444444
104,2,untrained,20,1.3,1,0,1.4,0.6,descending,0.621059003,0.194444444
104,2,untrained,21,1.2,0,1,1.4,0.6,descending,0.621059003,0.194444444
104,2,untrained,22,1.1,1,0,1.4,0.6,descending,0.621059003,0.194444444
104,2,untrained,23,1,0,0,1.4,0.6,descending,0.621059003,0.194444444
104,2,untrained,24,0.9,0,0,1.4,0.6,descending,0.621059003,0.194444444
104,2,untrained,25,0.8,0,0,1.4,0.6,descending,0.621059003,0.194444444
104,2,untrained,26,0.7,0,0,1.4,0.6,descending,0.621059003,0.194444444
104,2,untrained,27,0.6,0,0,1.4,0.6,descending,0.621059003,0.194444444
104,2,untrained,28,0.6,0,0,0.6,1.4,ascending,0.866025404,0.277777778
104,2,untrained,29,0.7,0,0,0.6,1.4,ascending,0.866025404,0.277777778
104,2,untrained,30,0.8,0,0,0.6,1.4,ascending,0.866025404,0.277777778
104,2,untrained,31,0.9,0,0,0.6,1.4,ascending,0.866025404,0.277777778
104,2,untrained,32,1,0,0,0.6,1.4,ascending,0.866025404,0.277777778
104,2,untrained,33,1.1,0,1,0.6,1.4,ascending,0.866025404,0.277777778
104,2,untrained,34,1.2,0,1,0.6,1.4,ascending,0.866025404,0.277777778
104,2,untrained,35,1.3,0,1,0.6,1.4,ascending,0.866025404,0.277777778
104,2,untrained,36,1.4,0,1,0.6,1.4,ascending,0.866025404,0.277777778
104,2,untrained,37,1.4,0,1,1.4,0.6,descending,0.724568837,0.194444444
104,2,untrained,38,1.3,0,1,1.4,0.6,descending,0.724568837,0.194444444
104,2,untrained,39,1.2,1,0,1.4,0.6,descending,0.724568837,0.194444444
104,2,untrained,40,1.1,1,0,1.4,0.6,descending,0.724568837,0.194444444
104,2,untrained,41,1,0,0,1.4,0.6,descending,0.724568837,0.194444444
104,2,untrained,42,0.9,0,0,1.4,0.6,descending,0.724568837,0.194444444
104,2,untrained,43,0.8,0,0,1.4,0.6,descending,0.724568837,0.194444444
104,2,untrained,44,0.7,0,0,1.4,0.6,descending,0.724568837,0.194444444
104,2,untrained,45,0.6,0,0,1.4,0.6,descending,0.724568837,0.194444444
104,2,untrained,46,0.6,0,0,0.6,1.4,ascending,0.779422863,0.277777778
104,2,untrained,47,0.7,0,0,0.6,1.4,ascending,0.779422863,0.277777778
104,2,untrained,48,0.8,0,0,0.6,1.4,ascending,0.779422863,0.277777778
104,2,untrained,49,0.9,0,0,0.6,1.4,ascending,0.779422863,0.277777778
104,2,untrained,50,1,1,1,0.6,1.4,ascending,0.779422863,0.277777778
104,2,untrained,51,1.1,1,0,0.6,1.4,ascending,0.779422863,0.277777778
104,2,untrained,52,1.2,0,1,0.6,1.4,ascending,0.779422863,0.277777778
104,2,untrained,53,1.3,0,1,0.6,1.4,ascending,0.779422863,0.277777778
104,2,untrained,54,1.4,0,1,0.6,1.4,ascending,0.779422863,0.277777778
104,2,untrained,55,1.4,0,1,1.4,0.6,descending,0.730296743,0.25
104,2,untrained,56,1.3,0,1,1.4,0.6,descending,0.730296743,0.25
104,2,untrained,57,1.2,1,0,1.4,0.6,descending,0.730296743,0.25
104,2,untrained,58,1.1,0,1,1.4,0.6,descending,0.730296743,0.25
104,2,untrained,59,1,0,0,1.4,0.6,descending,0.730296743,0.25
104,2,untrained,60,0.9,0,0,1.4,0.6,descending,0.730296743,0.25
104,2,untrained,61,0.8,0,0,1.4,0.6,descending,0.730296743,0.25
104,2,untrained,62,0.7,0,0,1.4,0.6,descending,0.730296743,0.25
104,2,untrained,63,0.6,0,0,1.4,0.6,descending,0.730296743,0.25
104,2,untrained,64,0.6,0,0,0.6,1.4,ascending,0.821583836,0.25
104,2,untrained,65,0.7,0,0,0.6,1.4,ascending,0.821583836,0.25
104,2,untrained,66,0.8,0,0,0.6,1.4,ascending,0.821583836,0.25
104,2,untrained,67,0.9,0,0,0.6,1.4,ascending,0.821583836,0.25
104,2,untrained,68,1,0,0,0.6,1.4,ascending,0.821583836,0.25
104,2,untrained,69,1.1,1,0,0.6,1.4,ascending,0.821583836,0.25
104,2,untrained,70,1.2,0,1,0.6,1.4,ascending,0.821583836,0.25
104,2,untrained,71,1.3,0,1,0.6,1.4,ascending,0.821583836,0.25
104,2,untrained,72,1.4,0,1,0.6,1.4,ascending,0.821583836,0.25
105,1,untrained,1,0.6,0,0,0.6,1.4,ascending,0.821583836,0.25
105,1,untrained,2,0.7,0,0,0.6,1.4,ascending,0.821583836,0.25
105,1,untrained,3,0.8,0,0,0.6,1.4,ascending,0.821583836,0.25
105,1,untrained,4,0.9,1,1,0.6,1.4,ascending,0.821583836,0.25
105,1,untrained,5,1,1,1,0.6,1.4,ascending,0.821583836,0.25
105,1,untrained,6,1.1,0,1,0.6,1.4,ascending,0.821583836,0.25
105,1,untrained,7,1.2,0,1,0.6,1.4,ascending,0.821583836,0.25
105,1,untrained,8,1.3,0,1,0.6,1.4,ascending,0.821583836,0.25
105,1,untrained,9,1.4,0,1,0.6,1.4,ascending,0.821583836,0.25
105,1,untrained,28,1.4,0,1,1.4,0.6,descending,0.63900965,0.25
105,1,untrained,29,1.3,0,1,1.4,0.6,descending,0.63900965,0.25
105,1,untrained,30,1.2,0,1,1.4,0.6,descending,0.63900965,0.25
105,1,untrained,31,1.1,0,1,1.4,0.6,descending,0.63900965,0.25
105,1,untrained,32,1,1,1,1.4,0.6,descending,0.63900965,0.25
105,1,untrained,33,0.9,0,0,1.4,0.6,descending,0.63900965,0.25
105,1,untrained,34,0.8,0,0,1.4,0.6,descending,0.63900965,0.25
105,1,untrained,35,0.7,1,1,1.4,0.6,descending,0.63900965,0.25
105,1,untrained,36,0.6,0,0,1.4,0.6,descending,0.63900965,0.25
105,1,untrained,37,0.6,1,1,0.6,1.4,ascending,0.51754917,0.194444444
105,1,untrained,38,0.7,0,0,0.6,1.4,ascending,0.51754917,0.194444444
105,1,untrained,39,0.8,0,0,0.6,1.4,ascending,0.51754917,0.194444444
105,1,untrained,40,0.9,1,1,0.6,1.4,ascending,0.51754917,0.194444444
105,1,untrained,41,1,1,1,0.6,1.4,ascending,0.51754917,0.194444444
105,1,untrained,42,1.1,0,1,0.6,1.4,ascending,0.51754917,0.194444444
105,1,untrained,43,1.2,0,1,0.6,1.4,ascending,0.51754917,0.194444444
105,1,untrained,44,1.3,0,1,0.6,1.4,ascending,0.51754917,0.194444444
105,1,untrained,45,1.4,0,1,0.6,1.4,ascending,0.51754917,0.194444444
105,1,untrained,46,1.4,0,1,1.4,0.6,descending,0.547722558,0.25
105,1,untrained,47,1.3,0,1,1.4,0.6,descending,0.547722558,0.25
105,1,untrained,48,1.2,0,1,1.4,0.6,descending,0.547722558,0.25
105,1,untrained,49,1.1,0,1,1.4,0.6,descending,0.547722558,0.25
105,1,untrained,50,1,1,1,1.4,0.6,descending,0.547722558,0.25
105,1,untrained,51,0.9,0,0,1.4,0.6,descending,0.547722558,0.25
105,1,untrained,52,0.8,0,0,1.4,0.6,descending,0.547722558,0.25
105,1,untrained,53,0.7,0,0,1.4,0.6,descending,0.547722558,0.25
105,1,untrained,54,0.6,1,1,1.4,0.6,descending,0.547722558,0.25
105,1,untrained,55,0.6,1,1,0.6,1.4,ascending,0.547722558,0.25
105,1,untrained,56,0.7,0,0,0.6,1.4,ascending,0.547722558,0.25
105,1,untrained,57,0.8,0,0,0.6,1.4,ascending,0.547722558,0.25
105,1,untrained,58,0.9,0,0,0.6,1.4,ascending,0.547722558,0.25
105,1,untrained,59,1,1,1,0.6,1.4,ascending,0.547722558,0.25
105,1,untrained,60,1.1,0,1,0.6,1.4,ascending,0.547722558,0.25
105,1,untrained,61,1.2,0,1,0.6,1.4,ascending,0.547722558,0.25
105,1,untrained,62,1.3,0,1,0.6,1.4,ascending,0.547722558,0.25
105,1,untrained,63,1.4,0,1,0.6,1.4,ascending,0.547722558,0.25
105,2,trained,1,1.4,0,1,1.4,0.6,descending,0.51754917,0.194444444
105,2,trained,2,1.3,0,1,1.4,0.6,descending,0.51754917,0.194444444
105,2,trained,3,1.2,0,1,1.4,0.6,descending,0.51754917,0.194444444
105,2,trained,4,1.1,0,1,1.4,0.6,descending,0.51754917,0.194444444
105,2,trained,5,1,1,1,1.4,0.6,descending,0.51754917,0.194444444
105,2,trained,6,0.9,1,1,1.4,0.6,descending,0.51754917,0.194444444
105,2,trained,7,0.8,0,0,1.4,0.6,descending,0.51754917,0.194444444
105,2,trained,8,0.7,0,0,1.4,0.6,descending,0.51754917,0.194444444
105,2,trained,9,0.6,1,1,1.4,0.6,descending,0.51754917,0.194444444
105,2,trained,28,0.6,0,0,0.6,1.4,ascending,0.821583836,0.25
105,2,trained,29,0.7,0,0,0.6,1.4,ascending,0.821583836,0.25
105,2,trained,30,0.8,0,0,0.6,1.4,ascending,0.821583836,0.25
105,2,trained,31,0.9,1,1,0.6,1.4,ascending,0.821583836,0.25
105,2,trained,32,1,1,1,0.6,1.4,ascending,0.821583836,0.25
105,2,trained,33,1.1,0,1,0.6,1.4,ascending,0.821583836,0.25
105,2,trained,34,1.2,0,1,0.6,1.4,ascending,0.821583836,0.25
105,2,trained,35,1.3,0,1,0.6,1.4,ascending,0.821583836,0.25
105,2,trained,36,1.4,0,1,0.6,1.4,ascending,0.821583836,0.25
105,2,trained,37,1.4,0,1,1.4,0.6,descending,0.821583836,0.25
105,2,trained,38,1.3,0,1,1.4,0.6,descending,0.821583836,0.25
105,2,trained,39,1.2,0,1,1.4,0.6,descending,0.821583836,0.25
105,2,trained,40,1.1,0,1,1.4,0.6,descending,0.821583836,0.25
105,2,trained,41,1,1,1,1.4,0.6,descending,0.821583836,0.25
105,2,trained,42,0.9,1,1,1.4,0.6,descending,0.821583836,0.25
105,2,trained,43,0.8,0,0,1.4,0.6,descending,0.821583836,0.25
105,2,trained,44,0.7,0,0,1.4,0.6,descending,0.821583836,0.25
105,2,trained,45,0.6,0,0,1.4,0.6,descending,0.821583836,0.25
105,2,trained,55,1.4,0,1,1.4,0.6,descending,0.456435465,0.25
105,2,trained,56,1.3,0,1,1.4,0.6,descending,0.456435465,0.25
105,2,trained,57,1.2,0,1,1.4,0.6,descending,0.456435465,0.25
105,2,trained,58,1.1,0,1,1.4,0.6,descending,0.456435465,0.25
105,2,trained,59,1,0,0,1.4,0.6,descending,0.456435465,0.25
105,2,trained,60,0.9,0,0,1.4,0.6,descending,0.456435465,0.25
105,2,trained,61,0.8,1,1,1.4,0.6,descending,0.456435465,0.25
105,2,trained,62,0.7,1,1,1.4,0.6,descending,0.456435465,0.25
105,2,trained,63,0.6,0,0,1.4,0.6,descending,0.456435465,0.25
105,2,trained,64,0.6,0,0,0.6,1.4,ascending,0.547722558,0.111111111
105,2,trained,65,0.7,1,1,0.6,1.4,ascending,0.547722558,0.111111111
105,2,trained,66,0.8,1,1,0.6,1.4,ascending,0.547722558,0.111111111
105,2,trained,67,0.9,1,1,0.6,1.4,ascending,0.547722558,0.111111111
105,2,trained,68,1,1,1,0.6,1.4,ascending,0.547722558,0.111111111
105,2,trained,69,1.1,0,1,0.6,1.4,ascending,0.547722558,0.111111111
105,2,trained,70,1.2,0,1,0.6,1.4,ascending,0.547722558,0.111111111
105,2,trained,71,1.3,0,1,0.6,1.4,ascending,0.547722558,0.111111111
105,2,trained,72,1.4,0,1,0.6,1.4,ascending,0.547722558,0.111111111
106,1,trained,1,0.6,0,0,0.6,1.4,ascending,0.866025404,0.277777778
106,1,trained,2,0.7,0,0,0.6,1.4,ascending,0.866025404,0.277777778
106,1,trained,3,0.8,0,0,0.6,1.4,ascending,0.866025404,0.277777778
106,1,trained,4,0.9,0,0,0.6,1.4,ascending,0.866025404,0.277777778
106,1,trained,5,1,1,1,0.6,1.4,ascending,0.866025404,0.277777778
106,1,trained,6,1.1,0,1,0.6,1.4,ascending,0.866025404,0.277777778
106,1,trained,7,1.2,0,1,0.6,1.4,ascending,0.866025404,0.277777778
106,1,trained,8,1.3,0,1,0.6,1.4,ascending,0.866025404,0.277777778
106,1,trained,9,1.4,0,1,0.6,1.4,ascending,0.866025404,0.277777778
106,1,trained,10,1.4,0,1,1.4,0.6,descending,0.779422863,0.277777778
106,1,trained,11,1.3,0,1,1.4,0.6,descending,0.779422863,0.277777778
106,1,trained,12,1.2,0,1,1.4,0.6,descending,0.779422863,0.277777778
106,1,trained,13,1.1,0,1,1.4,0.6,descending,0.779422863,0.277777778
106,1,trained,14,1,0,0,1.4,0.6,descending,0.779422863,0.277777778
106,1,trained,15,0.9,1,1,1.4,0.6,descending,0.779422863,0.277777778
106,1,trained,16,0.8,0,0,1.4,0.6,descending,0.779422863,0.277777778
106,1,trained,17,0.7,0,0,1.4,0.6,descending,0.779422863,0.277777778
106,1,trained,18,0.6,0,0,1.4,0.6,descending,0.779422863,0.277777778
106,1,trained,19,0.6,0,0,0.6,1.4,ascending,0.866025404,0.277777778
106,1,trained,20,0.7,0,0,0.6,1.4,ascending,0.866025404,0.277777778
106,1,trained,21,0.8,0,0,0.6,1.4,ascending,0.866025404,0.277777778
106,1,trained,22,0.9,0,0,0.6,1.4,ascending,0.866025404,0.277777778
106,1,trained,23,1,1,1,0.6,1.4,ascending,0.866025404,0.277777778
106,1,trained,24,1.1,0,1,0.6,1.4,ascending,0.866025404,0.277777778
106,1,trained,25,1.2,0,1,0.6,1.4,ascending,0.866025404,0.277777778
106,1,trained,26,1.3,0,1,0.6,1.4,ascending,0.866025404,0.277777778
106,1,trained,27,1.4,0,1,0.6,1.4,ascending,0.866025404,0.277777778
106,1,trained,28,1.4,0,1,1.4,0.6,descending,0.779422863,0.277777778
106,1,trained,29,1.3,0,1,1.4,0.6,descending,0.779422863,0.277777778
106,1,trained,30,1.2,0,1,1.4,0.6,descending,0.779422863,0.277777778
106,1,trained,31,1.1,0,1,1.4,0.6,descending,0.779422863,0.277777778
106,1,trained,32,1,0,0,1.4,0.6,descending,0.779422863,0.277777778
106,1,trained,33,0.9,1,1,1.4,0.6,descending,0.779422863,0.277777778
106,1,trained,34,0.8,0,0,1.4,0.6,descending,0.779422863,0.277777778
106,1,trained,35,0.7,0,0,1.4,0.6,descending,0.779422863,0.277777778
106,1,trained,36,0.6,0,0,1.4,0.6,descending,0.779422863,0.277777778
106,1,trained,37,0.6,0,0,0.6,1.4,ascending,0.866025404,0.277777778
106,1,trained,38,0.7,0,0,0.6,1.4,ascending,0.866025404,0.277777778
106,1,trained,39,0.8,0,0,0.6,1.4,ascending,0.866025404,0.277777778
106,1,trained,40,0.9,0,0,0.6,1.4,ascending,0.866025404,0.277777778
106,1,trained,41,1,0,0,0.6,1.4,ascending,0.866025404,0.277777778
106,1,trained,42,1.1,0,1,0.6,1.4,ascending,0.866025404,0.277777778
106,1,trained,43,1.2,0,1,0.6,1.4,ascending,0.866025404,0.277777778
106,1,trained,44,1.3,0,1,0.6,1.4,ascending,0.866025404,0.277777778
106,1,trained,45,1.4,0,1,0.6,1.4,ascending,0.866025404,0.277777778
106,1,trained,46,1.4,0,1,1.4,0.6,descending,0.63900965,0.25
106,1,trained,47,1.3,0,1,1.4,0.6,descending,0.63900965,0.25
106,1,trained,48,1.2,0,1,1.4,0.6,descending,0.63900965,0.25
106,1,trained,49,1.1,0,1,1.4,0.6,descending,0.63900965,0.25
106,1,trained,50,1,1,1,1.4,0.6,descending,0.63900965,0.25
106,1,trained,51,0.9,0,0,1.4,0.6,descending,0.63900965,0.25
106,1,trained,52,0.8,0,0,1.4,0.6,descending,0.63900965,0.25
106,1,trained,53,0.7,1,1,1.4,0.6,descending,0.63900965,0.25
106,1,trained,54,0.6,0,0,1.4,0.6,descending,0.63900965,0.25
106,1,trained,55,0.6,0,0,0.6,1.4,ascending,0.821583836,0.25
106,1,trained,56,0.7,0,0,0.6,1.4,ascending,0.821583836,0.25
106,1,trained,57,0.8,0,0,0.6,1.4,ascending,0.821583836,0.25
106,1,trained,58,0.9,1,1,0.6,1.4,ascending,0.821583836,0.25
106,1,trained,59,1,1,1,0.6,1.4,ascending,0.821583836,0.25
106,1,trained,60,1.1,0,1,0.6,1.4,ascending,0.821583836,0.25
106,1,trained,61,1.2,0,1,0.6,1.4,ascending,0.821583836,0.25
106,1,trained,62,1.3,0,1,0.6,1.4,ascending,0.821583836,0.25
106,1,trained,63,1.4,0,1,0.6,1.4,ascending,0.821583836,0.25
106,1,trained,64,1.4,0,1,1.4,0.6,descending,0.821583836,0.25
106,1,trained,65,1.3,0,1,1.4,0.6,descending,0.821583836,0.25
106,1,trained,66,1.2,0,1,1.4,0.6,descending,0.821583836,0.25
106,1,trained,67,1.1,0,1,1.4,0.6,descending,0.821583836,0.25
106,1,trained,68,1,1,1,1.4,0.6,descending,0.821583836,0.25
106,1,trained,69,0.9,1,1,1.4,0.6,descending,0.821583836,0.25
106,1,trained,70,0.8,0,0,1.4,0.6,descending,0.821583836,0.25
106,1,trained,71,0.7,0,0,1.4,0.6,descending,0.821583836,0.25
106,1,trained,72,0.6,0,0,1.4,0.6,descending,0.821583836,0.25
106,2,untrained,10,0.6,0,0,0.6,1.4,ascending,0.724568837,0.194444444
106,2,untrained,11,0.7,0,0,0.6,1.4,ascending,0.724568837,0.194444444
106,2,untrained,12,0.8,0,0,0.6,1.4,ascending,0.724568837,0.194444444
106,2,untrained,13,0.9,0,0,0.6,1.4,ascending,0.724568837,0.194444444
106,2,untrained,14,1,0,0,0.6,1.4,ascending,0.724568837,0.194444444
106,2,untrained,15,1.1,1,0,0.6,1.4,ascending,0.724568837,0.194444444
106,2,untrained,16,1.2,1,0,0.6,1.4,ascending,0.724568837,0.194444444
106,2,untrained,17,1.3,0,1,0.6,1.4,ascending,0.724568837,0.194444444
106,2,untrained,18,1.4,0,1,0.6,1.4,ascending,0.724568837,0.194444444
106,2,untrained,19,1.4,0,1,1.4,0.6,descending,0.692820323,0.277777778
106,2,untrained,20,1.3,0,1,1.4,0.6,descending,0.692820323,0.277777778
106,2,untrained,21,1.2,0,1,1.4,0.6,descending,0.692820323,0.277777778
106,2,untrained,22,1.1,1,0,1.4,0.6,descending,0.692820323,0.277777778
106,2,untrained,23,1,0,0,1.4,0.6,descending,0.692820323,0.277777778
106,2,untrained,24,0.9,1,1,1.4,0.6,descending,0.692820323,0.277777778
106,2,untrained,25,0.8,0,0,1.4,0.6,descending,0.692820323,0.277777778
106,2,untrained,26,0.7,0,0,1.4,0.6,descending,0.692820323,0.277777778
106,2,untrained,27,0.6,0,0,1.4,0.6,descending,0.692820323,0.277777778
106,2,untrained,28,0.6,1,1,0.6,1.4,ascending,0.519615242,0.277777778
106,2,untrained,29,0.7,0,0,0.6,1.4,ascending,0.519615242,0.277777778
106,2,untrained,30,0.8,0,0,0.6,1.4,ascending,0.519615242,0.277777778
106,2,untrained,31,0.9,0,0,0.6,1.4,ascending,0.519615242,0.277777778
106,2,untrained,32,1,0,0,0.6,1.4,ascending,0.519615242,0.277777778
106,2,untrained,33,1.1,0,1,0.6,1.4,ascending,0.519615242,0.277777778
106,2,untrained,34,1.2,0,1,0.6,1.4,ascending,0.519615242,0.277777778
106,2,untrained,35,1.3,0,1,0.6,1.4,ascending,0.519615242,0.277777778
106,2,untrained,36,1.4,0,1,0.6,1.4,ascending,0.519615242,0.277777778
106,2,untrained,37,1.4,0,1,1.4,0.6,descending,0.547722558,0.25
106,2,untrained,38,1.3,0,1,1.4,0.6,descending,0.547722558,0.25
106,2,untrained,39,1.2,0,1,1.4,0.6,descending,0.547722558,0.25
106,2,untrained,40,1.1,1,0,1.4,0.6,descending,0.547722558,0.25
106,2,untrained,41,1,1,1,1.4,0.6,descending,0.547722558,0.25
106,2,untrained,42,0.9,1,1,1.4,0.6,descending,0.547722558,0.25
106,2,untrained,43,0.8,1,1,1.4,0.6,descending,0.547722558,0.25
106,2,untrained,44,0.7,0,0,1.4,0.6,descending,0.547722558,0.25
106,2,untrained,45,0.6,0,0,1.4,0.6,descending,0.547722558,0.25
106,2,untrained,46,0.6,0,0,0.6,1.4,ascending,0.779422863,0.277777778
106,2,untrained,47,0.7,0,0,0.6,1.4,ascending,0.779422863,0.277777778
106,2,untrained,48,0.8,0,0,0.6,1.4,ascending,0.779422863,0.277777778
106,2,untrained,49,0.9,0,0,0.6,1.4,ascending,0.779422863,0.277777778
106,2,untrained,50,1,1,1,0.6,1.4,ascending,0.779422863,0.277777778
106,2,untrained,51,1.1,1,0,0.6,1.4,ascending,0.779422863,0.277777778
106,2,untrained,52,1.2,0,1,0.6,1.4,ascending,0.779422863,0.277777778
106,2,untrained,53,1.3,0,1,0.6,1.4,ascending,0.779422863,0.277777778
106,2,untrained,54,1.4,0,1,0.6,1.4,ascending,0.779422863,0.277777778
106,2,untrained,55,1.4,0,1,1.4,0.6,descending,0.692820323,0.277777778
106,2,untrained,56,1.3,0,1,1.4,0.6,descending,0.692820323,0.277777778
106,2,untrained,57,1.2,0,1,1.4,0.6,descending,0.692820323,0.277777778
106,2,untrained,58,1.1,1,0,1.4,0.6,descending,0.692820323,0.277777778
106,2,untrained,59,1,1,1,1.4,0.6,descending,0.692820323,0.277777778
106,2,untrained,60,0.9,1,1,1.4,0.6,descending,0.692820323,0.277777778
106,2,untrained,61,0.8,0,0,1.4,0.6,descending,0.692820323,0.277777778
106,2,untrained,62,0.7,0,0,1.4,0.6,descending,0.692820323,0.277777778
106,2,untrained,63,0.6,0,0,1.4,0.6,descending,0.692820323,0.277777778
106,2,untrained,64,0.6,0,0,0.6,1.4,ascending,0.821583836,0.25
106,2,untrained,65,0.7,0,0,0.6,1.4,ascending,0.821583836,0.25
106,2,untrained,66,0.8,0,0,0.6,1.4,ascending,0.821583836,0.25
106,2,untrained,67,0.9,1,1,0.6,1.4,ascending,0.821583836,0.25
106,2,untrained,68,1,1,1,0.6,1.4,ascending,0.821583836,0.25
106,2,untrained,69,1.1,0,1,0.6,1.4,ascending,0.821583836,0.25
106,2,untrained,70,1.2,0,1,0.6,1.4,ascending,0.821583836,0.25
106,2,untrained,71,1.3,0,1,0.6,1.4,ascending,0.821583836,0.25
106,2,untrained,72,1.4,0,1,0.6,1.4,ascending,0.821583836,0.25
107,1,untrained,1,0.6,0,0,0.6,1.4,ascending,0.821583836,0.25
107,1,untrained,2,0.7,0,0,0.6,1.4,ascending,0.821583836,0.25
107,1,untrained,3,0.8,0,0,0.6,1.4,ascending,0.821583836,0.25
107,1,untrained,4,0.9,0,0,0.6,1.4,ascending,0.821583836,0.25
107,1,untrained,5,1,0,0,0.6,1.4,ascending,0.821583836,0.25
107,1,untrained,6,1.1,1,0,0.6,1.4,ascending,0.821583836,0.25
107,1,untrained,7,1.2,0,1,0.6,1.4,ascending,0.821583836,0.25
107,1,untrained,8,1.3,0,1,0.6,1.4,ascending,0.821583836,0.25
107,1,untrained,9,1.4,0,1,0.6,1.4,ascending,0.821583836,0.25
107,1,untrained,19,0.6,0,0,0.6,1.4,ascending,0.724568837,0.194444444
107,1,untrained,20,0.7,0,0,0.6,1.4,ascending,0.724568837,0.194444444
107,1,untrained,21,0.8,0,0,0.6,1.4,ascending,0.724568837,0.194444444
107,1,untrained,22,0.9,0,0,0.6,1.4,ascending,0.724568837,0.194444444
107,1,untrained,23,1,0,0,0.6,1.4,ascending,0.724568837,0.194444444
107,1,untrained,24,1.1,1,0,0.6,1.4,ascending,0.724568837,0.194444444
107,1,untrained,25,1.2,1,0,0.6,1.4,ascending,0.724568837,0.194444444
107,1,untrained,26,1.3,0,1,0.6,1.4,ascending,0.724568837,0.194444444
107,1,untrained,27,1.4,0,1,0.6,1.4,ascending,0.724568837,0.194444444
107,1,untrained,28,1.4,1,0,1.4,0.6,descending,0.51754917,0.194444444
107,1,untrained,29,1.3,0,1,1.4,0.6,descending,0.51754917,0.194444444
107,1,untrained,30,1.2,0,1,1.4,0.6,descending,0.51754917,0.194444444
107,1,untrained,31,1.1,1,0,1.4,0.6,descending,0.51754917,0.194444444
107,1,untrained,32,1,0,0,1.4,0.6,descending,0.51754917,0.194444444
107,1,untrained,33,0.9,0,0,1.4,0.6,descending,0.51754917,0.194444444
107,1,untrained,34,0.8,0,0,1.4,0.6,descending,0.51754917,0.194444444
107,1,untrained,35,0.7,0,0,1.4,0.6,descending,0.51754917,0.194444444
107,1,untrained,36,0.6,0,0,1.4,0.6,descending,0.51754917,0.194444444
107,1,untrained,37,0.6,0,0,0.6,1.4,ascending,0.779422863,0.277777778
107,1,untrained,38,0.7,0,0,0.6,1.4,ascending,0.779422863,0.277777778
107,1,untrained,39,0.8,0,0,0.6,1.4,ascending,0.779422863,0.277777778
107,1,untrained,40,0.9,0,0,0.6,1.4,ascending,0.779422863,0.277777778
107,1,untrained,41,1,1,1,0.6,1.4,ascending,0.779422863,0.277777778
107,1,untrained,42,1.1,1,0,0.6,1.4,ascending,0.779422863,0.277777778
107,1,untrained,43,1.2,0,1,0.6,1.4,ascending,0.779422863,0.277777778
107,1,untrained,44,1.3,0,1,0.6,1.4,ascending,0.779422863,0.277777778
107,1,untrained,45,1.4,0,1,0.6,1.4,ascending,0.779422863,0.277777778
107,1,untrained,46,1.4,0,1,1.4,0.6,descending,0.821583836,0.25
107,1,untrained,47,1.3,0,1,1.4,0.6,descending,0.821583836,0.25
107,1,untrained,48,1.2,0,1,1.4,0.6,descending,0.821583836,0.25
107,1,untrained,49,1.1,1,0,1.4,0.6,descending,0.821583836,0.25
107,1,untrained,50,1,0,0,1.4,0.6,descending,0.821583836,0.25
107,1,untrained,51,0.9,0,0,1.4,0.6,descending,0.821583836,0.25
107,1,untrained,52,0.8,0,0,1.4,0.6,descending,0.821583836,0.25
107,1,untrained,53,0.7,0,0,1.4,0.6,descending,0.821583836,0.25
107,1,untrained,54,0.6,0,0,1.4,0.6,descending,0.821583836,0.25
107,1,untrained,55,0.6,0,0,0.6,1.4,ascending,0.730296743,0.25
107,1,untrained,56,0.7,0,0,0.6,1.4,ascending,0.730296743,0.25
107,1,untrained,57,0.8,0,0,0.6,1.4,ascending,0.730296743,0.25
107,1,untrained,58,0.9,0,0,0.6,1.4,ascending,0.730296743,0.25
107,1,untrained,59,1,0,0,0.6,1.4,ascending,0.730296743,0.25
107,1,untrained,60,1.1,0,1,0.6,1.4,ascending,0.730296743,0.25
107,1,untrained,61,1.2,1,0,0.6,1.4,ascending,0.730296743,0.25
107,1,untrained,62,1.3,0,1,0.6,1.4,ascending,0.730296743,0.25
107,1,untrained,63,1.4,0,1,0.6,1.4,ascending,0.730296743,0.25
107,1,untrained,64,1.4,0,1,1.4,0.6,descending,0.547722558,0.25
107,1,untrained,65,1.3,0,1,1.4,0.6,descending,0.547722558,0.25
107,1,untrained,66,1.2,1,0,1.4,0.6,descending,0.547722558,0.25
107,1,untrained,67,1.1,1,0,1.4,0.6,descending,0.547722558,0.25
107,1,untrained,68,1,0,0,1.4,0.6,descending,0.547722558,0.25
107,1,untrained,69,0.9,1,1,1.4,0.6,descending,0.547722558,0.25
107,1,untrained,70,0.8,0,0,1.4,0.6,descending,0.547722558,0.25
107,1,untrained,71,0.7,0,0,1.4,0.6,descending,0.547722558,0.25
107,1,untrained,72,0.6,0,0,1.4,0.6,descending,0.547722558,0.25
107,2,trained,1,1.4,1,0,1.4,0.6,descending,0.51754917,0.194444444
107,2,trained,2,1.3,0,1,1.4,0.6,descending,0.51754917,0.194444444
107,2,trained,3,1.2,0,1,1.4,0.6,descending,0.51754917,0.194444444
107,2,trained,4,1.1,1,0,1.4,0.6,descending,0.51754917,0.194444444
107,2,trained,5,1,0,0,1.4,0.6,descending,0.51754917,0.194444444
107,2,trained,6,0.9,0,0,1.4,0.6,descending,0.51754917,0.194444444
107,2,trained,7,0.8,0,0,1.4,0.6,descending,0.51754917,0.194444444
107,2,trained,8,0.7,0,0,1.4,0.6,descending,0.51754917,0.194444444
107,2,trained,9,0.6,0,0,1.4,0.6,descending,0.51754917,0.194444444
107,2,trained,10,0.6,0,0,0.6,1.4,ascending,0.866025404,0.277777778
107,2,trained,11,0.7,0,0,0.6,1.4,ascending,0.866025404,0.277777778
107,2,trained,12,0.8,0,0,0.6,1.4,ascending,0.866025404,0.277777778
107,2,trained,13,0.9,0,0,0.6,1.4,ascending,0.866025404,0.277777778
107,2,trained,14,1,0,0,0.6,1.4,ascending,0.866025404,0.277777778
107,2,trained,15,1.1,0,1,0.6,1.4,ascending,0.866025404,0.277777778
107,2,trained,16,1.2,0,1,0.6,1.4,ascending,0.866025404,0.277777778
107,2,trained,17,1.3,0,1,0.6,1.4,ascending,0.866025404,0.277777778
107,2,trained,18,1.4,0,1,0.6,1.4,ascending,0.866025404,0.277777778
107,2,trained,19,1.4,0,1,1.4,0.6,descending,0.692820323,0.277777778
107,2,trained,20,1.3,0,1,1.4,0.6,descending,0.692820323,0.277777778
107,2,trained,21,1.2,1,0,1.4,0.6,descending,0.692820323,0.277777778
107,2,trained,22,1.1,0,1,1.4,0.6,descending,0.692820323,0.277777778
107,2,trained,23,1,1,1,1.4,0.6,descending,0.692820323,0.277777778
107,2,trained,24,0.9,0,0,1.4,0.6,descending,0.692820323,0.277777778
107,2,trained,25,0.8,0,0,1.4,0.6,descending,0.692820323,0.277777778
107,2,trained,26,0.7,0,0,1.4,0.6,descending,0.692820323,0.277777778
107,2,trained,27,0.6,0,0,1.4,0.6,descending,0.692820323,0.277777778
107,2,trained,28,0.6,0,0,0.6,1.4,ascending,0.692820323,0.277777778
107,2,trained,29,0.7,0,0,0.6,1.4,ascending,0.692820323,0.277777778
107,2,trained,30,0.8,0,0,0.6,1.4,ascending,0.692820323,0.277777778
107,2,trained,31,0.9,1,1,0.6,1.4,ascending,0.692820323,0.277777778
107,2,trained,32,1,0,0,0.6,1.4,ascending,0.692820323,0.277777778
107,2,trained,33,1.1,1,0,0.6,1.4,ascending,0.692820323,0.277777778
107,2,trained,34,1.2,0,1,0.6,1.4,ascending,0.692820323,0.277777778
107,2,trained,35,1.3,0,1,0.6,1.4,ascending,0.692820323,0.277777778
107,2,trained,36,1.4,0,1,0.6,1.4,ascending,0.692820323,0.277777778
107,2,trained,37,1.4,0,1,1.4,0.6,descending,0.866025404,0.277777778
107,2,trained,38,1.3,0,1,1.4,0.6,descending,0.866025404,0.277777778
107,2,trained,39,1.2,0,1,1.4,0.6,descending,0.866025404,0.277777778
107,2,trained,40,1.1,0,1,1.4,0.6,descending,0.866025404,0.277777778
107,2,trained,41,1,0,0,1.4,0.6,descending,0.866025404,0.277777778
107,2,trained,42,0.9,0,0,1.4,0.6,descending,0.866025404,0.277777778
107,2,trained,43,0.8,0,0,1.4,0.6,descending,0.866025404,0.277777778
107,2,trained,44,0.7,0,0,1.4,0.6,descending,0.866025404,0.277777778
107,2,trained,45,0.6,0,0,1.4,0.6,descending,0.866025404,0.277777778
107,2,trained,46,0.6,0,0,0.6,1.4,ascending,0.821583836,0.25
107,2,trained,47,0.7,0,0,0.6,1.4,ascending,0.821583836,0.25
107,2,trained,48,0.8,0,0,0.6,1.4,ascending,0.821583836,0.25
107,2,trained,49,0.9,0,0,0.6,1.4,ascending,0.821583836,0.25
107,2,trained,50,1,0,0,0.6,1.4,ascending,0.821583836,0.25
107,2,trained,51,1.1,1,0,0.6,1.4,ascending,0.821583836,0.25
107,2,trained,52,1.2,0,1,0.6,1.4,ascending,0.821583836,0.25
107,2,trained,53,1.3,0,1,0.6,1.4,ascending,0.821583836,0.25
107,2,trained,54,1.4,0,1,0.6,1.4,ascending,0.821583836,0.25
107,2,trained,55,1.4,0,1,1.4,0.6,descending,0.779422863,0.277777778
107,2,trained,56,1.3,0,1,1.4,0.6,descending,0.779422863,0.277777778
107,2,trained,57,1.2,0,1,1.4,0.6,descending,0.779422863,0.277777778
107,2,trained,58,1.1,1,0,1.4,0.6,descending,0.779422863,0.277777778
107,2,trained,59,1,1,1,1.4,0.6,descending,0.779422863,0.277777778
107,2,trained,60,0.9,0,0,1.4,0.6,descending,0.779422863,0.277777778
107,2,trained,61,0.8,0,0,1.4,0.6,descending,0.779422863,0.277777778
107,2,trained,62,0.7,0,0,1.4,0.6,descending,0.779422863,0.277777778
107,2,trained,63,0.6,0,0,1.4,0.6,descending,0.779422863,0.277777778
107,2,trained,64,0.6,0,0,0.6,1.4,ascending,0.821583836,0.25
107,2,trained,65,0.7,0,0,0.6,1.4,ascending,0.821583836,0.25
107,2,trained,66,0.8,0,0,0.6,1.4,ascending,0.821583836,0.25
107,2,trained,67,0.9,0,0,0.6,1.4,ascending,0.821583836,0.25
107,2,trained,68,1,0,0,0.6,1.4,ascending,0.821583836,0.25
107,2,trained,69,1.1,1,0,0.6,1.4,ascending,0.821583836,0.25
107,2,trained,70,1.2,0,1,0.6,1.4,ascending,0.821583836,0.25
107,2,trained,71,1.3,0,1,0.6,1.4,ascending,0.821583836,0.25
107,2,trained,72,1.4,0,1,0.6,1.4,ascending,0.821583836,0.25
108,1,trained,1,0.6,0,0,0.6,1.4,ascending,0.724568837,0.194444444
108,1,trained,2,0.7,0,0,0.6,1.4,ascending,0.724568837,0.194444444
108,1,trained,3,0.8,1,1,0.6,1.4,ascending,0.724568837,0.194444444
108,1,trained,4,0.9,1,1,0.6,1.4,ascending,0.724568837,0.194444444
108,1,trained,5,1,1,1,0.6,1.4,ascending,0.724568837,0.194444444
108,1,trained,6,1.1,0,1,0.6,1.4,ascending,0.724568837,0.194444444
108,1,trained,7,1.2,0,1,0.6,1.4,ascending,0.724568837,0.194444444
108,1,trained,8,1.3,0,1,0.6,1.4,ascending,0.724568837,0.194444444
108,1,trained,9,1.4,0,1,0.6,1.4,ascending,0.724568837,0.194444444
108,1,trained,10,1.4,0,1,1.4,0.6,descending,0.779422863,0.277777778
108,1,trained,11,1.3,0,1,1.4,0.6,descending,0.779422863,0.277777778
108,1,trained,12,1.2,0,1,1.4,0.6,descending,0.779422863,0.277777778
108,1,trained,13,1.1,0,1,1.4,0.6,descending,0.779422863,0.277777778
108,1,trained,14,1,0,0,1.4,0.6,descending,0.779422863,0.277777778
108,1,trained,15,0.9,1,1,1.4,0.6,descending,0.779422863,0.277777778
108,1,trained,16,0.8,0,0,1.4,0.6,descending,0.779422863,0.277777778
108,1,trained,17,0.7,0,0,1.4,0.6,descending,0.779422863,0.277777778
108,1,trained,18,0.6,0,0,1.4,0.6,descending,0.779422863,0.277777778
108,1,trained,19,0.6,0,0,0.6,1.4,ascending,0.724568837,0.194444444
108,1,trained,20,0.7,0,0,0.6,1.4,ascending,0.724568837,0.194444444
108,1,trained,21,0.8,1,1,0.6,1.4,ascending,0.724568837,0.194444444
108,1,trained,22,0.9,1,1,0.6,1.4,ascending,0.724568837,0.194444444
108,1,trained,23,1,1,1,0.6,1.4,ascending,0.724568837,0.194444444
108,1,trained,24,1.1,0,1,0.6,1.4,ascending,0.724568837,0.194444444
108,1,trained,25,1.2,0,1,0.6,1.4,ascending,0.724568837,0.194444444
108,1,trained,26,1.3,0,1,0.6,1.4,ascending,0.724568837,0.194444444
108,1,trained,27,1.4,0,1,0.6,1.4,ascending,0.724568837,0.194444444
108,1,trained,28,1.4,0,1,1.4,0.6,descending,0.730296743,0.25
108,1,trained,29,1.3,0,1,1.4,0.6,descending,0.730296743,0.25
108,1,trained,30,1.2,0,1,1.4,0.6,descending,0.730296743,0.25
108,1,trained,31,1.1,0,1,1.4,0.6,descending,0.730296743,0.25
108,1,trained,32,1,1,1,1.4,0.6,descending,0.730296743,0.25
108,1,trained,33,0.9,0,0,1.4,0.6,descending,0.730296743,0.25
108,1,trained,34,0.8,1,1,1.4,0.6,descending,0.730296743,0.25
108,1,trained,35,0.7,0,0,1.4,0.6,descending,0.730296743,0.25
108,1,trained,36,0.6,0,0,1.4,0.6,descending,0.730296743,0.25
108,1,trained,37,0.6,0,0,0.6,1.4,ascending,0.724568837,0.194444444
108,1,trained,38,0.7,0,0,0.6,1.4,ascending,0.724568837,0.194444444
108,1,trained,39,0.8,1,1,0.6,1.4,ascending,0.724568837,0.194444444
108,1,trained,40,0.9,1,1,0.6,1.4,ascending,0.724568837,0.194444444
108,1,trained,41,1,1,1,0.6,1.4,ascending,0.724568837,0.194444444
108,1,trained,42,1.1,0,1,0.6,1.4,ascending,0.724568837,0.194444444
108,1,trained,43,1.2,0,1,0.6,1.4,ascending,0.724568837,0.194444444
108,1,trained,44,1.3,0,1,0.6,1.4,ascending,0.724568837,0.194444444
108,1,trained,45,1.4,0,1,0.6,1.4,ascending,0.724568837,0.194444444
108,1,trained,46,1.4,0,1,1.4,0.6,descending,0.730296743,0.25
108,1,trained,47,1.3,0,1,1.4,0.6,descending,0.730296743,0.25
108,1,trained,48,1.2,0,1,1.4,0.6,descending,0.730296743,0.25
108,1,trained,49,1.1,0,1,1.4,0.6,descending,0.730296743,0.25
108,1,trained,50,1,1,1,1.4,0.6,descending,0.730296743,0.25
108,1,trained,51,0.9,0,0,1.4,0.6,descending,0.730296743,0.25
108,1,trained,52,0.8,1,1,1.4,0.6,descending,0.730296743,0.25
108,1,trained,53,0.7,0,0,1.4,0.6,descending,0.730296743,0.25
108,1,trained,54,0.6,0,0,1.4,0.6,descending,0.730296743,0.25
108,1,trained,55,0.6,0,0,0.6,1.4,ascending,0.779422863,0.277777778
108,1,trained,56,0.7,0,0,0.6,1.4,ascending,0.779422863,0.277777778
108,1,trained,57,0.8,0,0,0.6,1.4,ascending,0.779422863,0.277777778
108,1,trained,58,0.9,1,1,0.6,1.4,ascending,0.779422863,0.277777778
108,1,trained,59,1,0,0,0.6,1.4,ascending,0.779422863,0.277777778
108,1,trained,60,1.1,0,1,0.6,1.4,ascending,0.779422863,0.277777778
108,1,trained,61,1.2,0,1,0.6,1.4,ascending,0.779422863,0.277777778
108,1,trained,62,1.3,0,1,0.6,1.4,ascending,0.779422863,0.277777778
108,1,trained,63,1.4,0,1,0.6,1.4,ascending,0.779422863,0.277777778
108,1,trained,64,1.4,0,1,1.4,0.6,descending,0.547722558,0.111111111
108,1,trained,65,1.3,0,1,1.4,0.6,descending,0.547722558,0.111111111
108,1,trained,66,1.2,0,1,1.4,0.6,descending,0.547722558,0.111111111
108,1,trained,67,1.1,0,1,1.4,0.6,descending,0.547722558,0.111111111
108,1,trained,68,1,1,1,1.4,0.6,descending,0.547722558,0.111111111
108,1,trained,69,0.9,1,1,1.4,0.6,descending,0.547722558,0.111111111
108,1,trained,70,0.8,1,1,1.4,0.6,descending,0.547722558,0.111111111
108,1,trained,71,0.7,1,1,1.4,0.6,descending,0.547722558,0.111111111
108,1,trained,72,0.6,0,0,1.4,0.6,descending,0.547722558,0.111111111
108,2,untrained,1,1.4,0,1,1.4,0.6,descending,0.606217783,0.277777778
108,2,untrained,2,1.3,0,1,1.4,0.6,descending,0.606217783,0.277777778
108,2,untrained,3,1.2,0,1,1.4,0.6,descending,0.606217783,0.277777778
108,2,untrained,4,1.1,1,0,1.4,0.6,descending,0.606217783,0.277777778
108,2,untrained,5,1,1,1,1.4,0.6,descending,0.606217783,0.277777778
108,2,untrained,6,0.9,0,0,1.4,0.6,descending,0.606217783,0.277777778
108,2,untrained,7,0.8,1,1,1.4,0.6,descending,0.606217783,0.277777778
108,2,untrained,8,0.7,0,0,1.4,0.6,descending,0.606217783,0.277777778
108,2,untrained,9,0.6,0,0,1.4,0.6,descending,0.606217783,0.277777778
108,2,untrained,10,0.6,0,0,0.6,1.4,ascending,0.519615242,0.277777778
108,2,untrained,11,0.7,0,0,0.6,1.4,ascending,0.519615242,0.277777778
108,2,untrained,12,0.8,0,0,0.6,1.4,ascending,0.519615242,0.277777778
108,2,untrained,13,0.9,1,1,0.6,1.4,ascending,0.519615242,0.277777778
108,2,untrained,14,1,1,1,0.6,1.4,ascending,0.519615242,0.277777778
108,2,untrained,15,1.1,1,0,0.6,1.4,ascending,0.519615242,0.277777778
108,2,untrained,16,1.2,1,0,0.6,1.4,ascending,0.519615242,0.277777778
108,2,untrained,17,1.3,0,1,0.6,1.4,ascending,0.519615242,0.277777778
108,2,untrained,18,1.4,0,1,0.6,1.4,ascending,0.519615242,0.277777778
108,2,untrained,28,0.6,0,0,0.6,1.4,ascending,0.606217783,0.277777778
108,2,untrained,29,0.7,0,0,0.6,1.4,ascending,0.606217783,0.277777778
108,2,untrained,30,0.8,0,0,0.6,1.4,ascending,0.606217783,0.277777778
108,2,untrained,31,0.9,1,1,0.6,1.4,ascending,0.606217783,0.277777778
108,2,untrained,32,1,1,1,0.6,1.4,ascending,0.606217783,0.277777778
108,2,untrained,33,1.1,0,1,0.6,1.4,ascending,0.606217783,0.277777778
108,2,untrained,34,1.2,1,0,0.6,1.4,ascending,0.606217783,0.277777778
108,2,untrained,35,1.3,0,1,0.6,1.4,ascending,0.606217783,0.277777778
108,2,untrained,36,1.4,0,1,0.6,1.4,ascending,0.606217783,0.277777778
108,2,untrained,46,0.6,0,0,0.6,1.4,ascending,0.779422863,0.277777778
108,2,untrained,47,0.7,0,0,0.6,1.4,ascending,0.779422863,0.277777778
108,2,untrained,48,0.8,0,0,0.6,1.4,ascending,0.779422863,0.277777778
108,2,untrained,49,0.9,1,1,0.6,1.4,ascending,0.779422863,0.277777778
108,2,untrained,50,1,0,0,0.6,1.4,ascending,0.779422863,0.277777778
108,2,untrained,51,1.1,0,1,0.6,1.4,ascending,0.779422863,0.277777778
108,2,untrained,52,1.2,0,1,0.6,1.4,ascending,0.779422863,0.277777778
108,2,untrained,53,1.3,0,1,0.6,1.4,ascending,0.779422863,0.277777778
108,2,untrained,54,1.4,0,1,0.6,1.4,ascending,0.779422863,0.277777778
108,2,untrained,55,1.4,0,1,1.4,0.6,descending,0.547722558,0.111111111
108,2,untrained,56,1.3,0,1,1.4,0.6,descending,0.547722558,0.111111111
108,2,untrained,57,1.2,0,1,1.4,0.6,descending,0.547722558,0.111111111
108,2,untrained,58,1.1,0,1,1.4,0.6,descending,0.547722558,0.111111111
108,2,untrained,59,1,1,1,1.4,0.6,descending,0.547722558,0.111111111
108,2,untrained,60,0.9,1,1,1.4,0.6,descending,0.547722558,0.111111111
108,2,untrained,61,0.8,1,1,1.4,0.6,descending,0.547722558,0.111111111
108,2,untrained,62,0.7,1,1,1.4,0.6,descending,0.547722558,0.111111111
108,2,untrained,63,0.6,0,0,1.4,0.6,descending,0.547722558,0.111111111
108,2,untrained,64,0.6,0,0,0.6,1.4,ascending,0.724568837,0.194444444
108,2,untrained,65,0.7,0,0,0.6,1.4,ascending,0.724568837,0.194444444
108,2,untrained,66,0.8,1,1,0.6,1.4,ascending,0.724568837,0.194444444
108,2,untrained,67,0.9,1,1,0.6,1.4,ascending,0.724568837,0.194444444
108,2,untrained,68,1,1,1,0.6,1.4,ascending,0.724568837,0.194444444
108,2,untrained,69,1.1,0,1,0.6,1.4,ascending,0.724568837,0.194444444
108,2,untrained,70,1.2,0,1,0.6,1.4,ascending,0.724568837,0.194444444
108,2,untrained,71,1.3,0,1,0.6,1.4,ascending,0.724568837,0.194444444
108,2,untrained,72,1.4,0,1,0.6,1.4,ascending,0.724568837,0.194444444
109,1,untrained,1,0.6,0,0,0.6,1.4,ascending,0.779422863,0.277777778
109,1,untrained,2,0.7,0,0,0.6,1.4,ascending,0.779422863,0.277777778
109,1,untrained,3,0.8,0,0,0.6,1.4,ascending,0.779422863,0.277777778
109,1,untrained,4,0.9,0,0,0.6,1.4,ascending,0.779422863,0.277777778
109,1,untrained,5,1,1,1,0.6,1.4,ascending,0.779422863,0.277777778
109,1,untrained,6,1.1,1,0,0.6,1.4,ascending,0.779422863,0.277777778
109,1,untrained,7,1.2,0,1,0.6,1.4,ascending,0.779422863,0.277777778
109,1,untrained,8,1.3,0,1,0.6,1.4,ascending,0.779422863,0.277777778
109,1,untrained,9,1.4,0,1,0.6,1.4,ascending,0.779422863,0.277777778
109,1,untrained,10,1.4,0,1,1.4,0.6,descending,0.621059003,0.194444444
109,1,untrained,11,1.3,1,0,1.4,0.6,descending,0.621059003,0.194444444
109,1,untrained,12,1.2,0,1,1.4,0.6,descending,0.621059003,0.194444444
109,1,untrained,13,1.1,1,0,1.4,0.6,descending,0.621059003,0.194444444
109,1,untrained,14,1,0,0,1.4,0.6,descending,0.621059003,0.194444444
109,1,untrained,15,0.9,0,0,1.4,0.6,descending,0.621059003,0.194444444
109,1,untrained,16,0.8,0,0,1.4,0.6,descending,0.621059003,0.194444444
109,1,untrained,17,0.7,0,0,1.4,0.6,descending,0.621059003,0.194444444
109,1,untrained,18,0.6,0,0,1.4,0.6,descending,0.621059003,0.194444444
109,1,untrained,19,0.6,0,0,0.6,1.4,ascending,0.866025404,0.277777778
109,1,untrained,20,0.7,0,0,0.6,1.4,ascending,0.866025404,0.277777778
109,1,untrained,21,0.8,0,0,0.6,1.4,ascending,0.866025404,0.277777778
109,1,untrained,22,0.9,0,0,0.6,1.4,ascending,0.866025404,0.277777778
109,1,untrained,23,1,1,1,0.6,1.4,ascending,0.866025404,0.277777778
109,1,untrained,24,1.1,0,1,0.6,1.4,ascending,0.866025404,0.277777778
109,1,untrained,25,1.2,0,1,0.6,1.4,ascending,0.866025404,0.277777778
109,1,untrained,26,1.3,0,1,0.6,1.4,ascending,0.866025404,0.277777778
109,1,untrained,27,1.4,0,1,0.6,1.4,ascending,0.866025404,0.277777778
109,1,untrained,28,1.4,0,1,1.4,0.6,descending,0.866025404,0.277777778
109,1,untrained,29,1.3,0,1,1.4,0.6,descending,0.866025404,0.277777778
109,1,untrained,30,1.2,0,1,1.4,0.6,descending,0.866025404,0.277777778
109,1,untrained,31,1.1,0,1,1.4,0.6,descending,0.866025404,0.277777778
109,1,untrained,32,1,0,0,1.4,0.6,descending,0.866025404,0.277777778
109,1,untrained,33,0.9,0,0,1.4,0.6,descending,0.866025404,0.277777778
109,1,untrained,34,0.8,0,0,1.4,0.6,descending,0.866025404,0.277777778
109,1,untrained,35,0.7,0,0,1.4,0.6,descending,0.866025404,0.277777778
109,1,untrained,36,0.6,0,0,1.4,0.6,descending,0.866025404,0.277777778
109,1,untrained,37,0.6,0,0,0.6,1.4,ascending,0.866025404,0.277777778
109,1,untrained,38,0.7,0,0,0.6,1.4,ascending,0.866025404,0.277777778
109,1,untrained,39,0.8,0,0,0.6,1.4,ascending,0.866025404,0.277777778
109,1,untrained,40,0.9,0,0,0.6,1.4,ascending,0.866025404,0.277777778
109,1,untrained,41,1,1,1,0.6,1.4,ascending,0.866025404,0.277777778
109,1,untrained,42,1.1,0,1,0.6,1.4,ascending,0.866025404,0.277777778
109,1,untrained,43,1.2,0,1,0.6,1.4,ascending,0.866025404,0.277777778
109,1,untrained,44,1.3,0,1,0.6,1.4,ascending,0.866025404,0.277777778
109,1,untrained,45,1.4,0,1,0.6,1.4,ascending,0.866025404,0.277777778
109,1,untrained,46,1.4,0,1,1.4,0.6,descending,0.866025404,0.277777778
109,1,untrained,47,1.3,0,1,1.4,0.6,descending,0.866025404,0.277777778
109,1,untrained,48,1.2,0,1,1.4,0.6,descending,0.866025404,0.277777778
109,1,untrained,49,1.1,0,1,1.4,0.6,descending,0.866025404,0.277777778
109,1,untrained,50,1,0,0,1.4,0.6,descending,0.866025404,0.277777778
109,1,untrained,51,0.9,0,0,1.4,0.6,descending,0.866025404,0.277777778
109,1,untrained,52,0.8,0,0,1.4,0.6,descending,0.866025404,0.277777778
109,1,untrained,53,0.7,0,0,1.4,0.6,descending,0.866025404,0.277777778
109,1,untrained,54,0.6,0,0,1.4,0.6,descending,0.866025404,0.277777778
109,1,untrained,55,0.6,0,0,0.6,1.4,ascending,0.866025404,0.277777778
109,1,untrained,56,0.7,0,0,0.6,1.4,ascending,0.866025404,0.277777778
109,1,untrained,57,0.8,0,0,0.6,1.4,ascending,0.866025404,0.277777778
109,1,untrained,58,0.9,0,0,0.6,1.4,ascending,0.866025404,0.277777778
109,1,untrained,59,1,1,1,0.6,1.4,ascending,0.866025404,0.277777778
109,1,untrained,60,1.1,0,1,0.6,1.4,ascending,0.866025404,0.277777778
109,1,untrained,61,1.2,0,1,0.6,1.4,ascending,0.866025404,0.277777778
109,1,untrained,62,1.3,0,1,0.6,1.4,ascending,0.866025404,0.277777778
109,1,untrained,63,1.4,0,1,0.6,1.4,ascending,0.866025404,0.277777778
109,1,untrained,64,1.4,0,1,1.4,0.6,descending,0.866025404,0.277777778
109,1,untrained,65,1.3,0,1,1.4,0.6,descending,0.866025404,0.277777778
109,1,untrained,66,1.2,0,1,1.4,0.6,descending,0.866025404,0.277777778
109,1,untrained,67,1.1,0,1,1.4,0.6,descending,0.866025404,0.277777778
109,1,untrained,68,1,0,0,1.4,0.6,descending,0.866025404,0.277777778
109,1,untrained,69,0.9,0,0,1.4,0.6,descending,0.866025404,0.277777778
109,1,untrained,70,0.8,0,0,1.4,0.6,descending,0.866025404,0.277777778
109,1,untrained,71,0.7,0,0,1.4,0.6,descending,0.866025404,0.277777778
109,1,untrained,72,0.6,0,0,1.4,0.6,descending,0.866025404,0.277777778
109,2,trained,1,1.4,0,1,1.4,0.6,descending,0.866025404,0.277777778
109,2,trained,2,1.3,0,1,1.4,0.6,descending,0.866025404,0.277777778
109,2,trained,3,1.2,0,1,1.4,0.6,descending,0.866025404,0.277777778
109,2,trained,4,1.1,0,1,1.4,0.6,descending,0.866025404,0.277777778
109,2,trained,5,1,0,0,1.4,0.6,descending,0.866025404,0.277777778
109,2,trained,6,0.9,0,0,1.4,0.6,descending,0.866025404,0.277777778
109,2,trained,7,0.8,0,0,1.4,0.6,descending,0.866025404,0.277777778
109,2,trained,8,0.7,0,0,1.4,0.6,descending,0.866025404,0.277777778
109,2,trained,9,0.6,0,0,1.4,0.6,descending,0.866025404,0.277777778
109,2,trained,10,0.6,0,0,0.6,1.4,ascending,0.866025404,0.277777778
109,2,trained,11,0.7,0,0,0.6,1.4,ascending,0.866025404,0.277777778
109,2,trained,12,0.8,0,0,0.6,1.4,ascending,0.866025404,0.277777778
109,2,trained,13,0.9,0,0,0.6,1.4,ascending,0.866025404,0.277777778
109,2,trained,14,1,1,1,0.6,1.4,ascending,0.866025404,0.277777778
109,2,trained,15,1.1,0,1,0.6,1.4,ascending,0.866025404,0.277777778
109,2,trained,16,1.2,0,1,0.6,1.4,ascending,0.866025404,0.277777778
109,2,trained,17,1.3,0,1,0.6,1.4,ascending,0.866025404,0.277777778
109,2,trained,18,1.4,0,1,0.6,1.4,ascending,0.866025404,0.277777778
109,2,trained,19,1.4,0,1,1.4,0.6,descending,0.866025404,0.277777778
109,2,trained,20,1.3,0,1,1.4,0.6,descending,0.866025404,0.277777778
109,2,trained,21,1.2,0,1,1.4,0.6,descending,0.866025404,0.277777778
109,2,trained,22,1.1,0,1,1.4,0.6,descending,0.866025404,0.277777778
109,2,trained,23,1,0,0,1.4,0.6,descending,0.866025404,0.277777778
109,2,trained,24,0.9,0,0,1.4,0.6,descending,0.866025404,0.277777778
109,2,trained,25,0.8,0,0,1.4,0.6,descending,0.866025404,0.277777778
109,2,trained,26,0.7,0,0,1.4,0.6,descending,0.866025404,0.277777778
109,2,trained,27,0.6,0,0,1.4,0.6,descending,0.866025404,0.277777778
109,2,trained,28,0.6,0,0,0.6,1.4,ascending,0.821583836,0.25
109,2,trained,29,0.7,0,0,0.6,1.4,ascending,0.821583836,0.25
109,2,trained,30,0.8,0,0,0.6,1.4,ascending,0.821583836,0.25
109,2,trained,31,0.9,1,1,0.6,1.4,ascending,0.821583836,0.25
109,2,trained,32,1,1,1,0.6,1.4,ascending,0.821583836,0.25
109,2,trained,33,1.1,0,1,0.6,1.4,ascending,0.821583836,0.25
109,2,trained,34,1.2,0,1,0.6,1.4,ascending,0.821583836,0.25
109,2,trained,35,1.3,0,1,0.6,1.4,ascending,0.821583836,0.25
109,2,trained,36,1.4,0,1,0.6,1.4,ascending,0.821583836,0.25
109,2,trained,37,1.4,0,1,1.4,0.6,descending,0.821583836,0.25
109,2,trained,38,1.3,0,1,1.4,0.6,descending,0.821583836,0.25
109,2,trained,39,1.2,0,1,1.4,0.6,descending,0.821583836,0.25
109,2,trained,40,1.1,0,1,1.4,0.6,descending,0.821583836,0.25
109,2,trained,41,1,1,1,1.4,0.6,descending,0.821583836,0.25
109,2,trained,42,0.9,1,1,1.4,0.6,descending,0.821583836,0.25
109,2,trained,43,0.8,0,0,1.4,0.6,descending,0.821583836,0.25
109,2,trained,44,0.7,0,0,1.4,0.6,descending,0.821583836,0.25
109,2,trained,45,0.6,0,0,1.4,0.6,descending,0.821583836,0.25
109,2,trained,46,0.6,0,0,0.6,1.4,ascending,0.866025404,0.277777778
109,2,trained,47,0.7,0,0,0.6,1.4,ascending,0.866025404,0.277777778
109,2,trained,48,0.8,0,0,0.6,1.4,ascending,0.866025404,0.277777778
109,2,trained,49,0.9,0,0,0.6,1.4,ascending,0.866025404,0.277777778
109,2,trained,50,1,1,1,0.6,1.4,ascending,0.866025404,0.277777778
109,2,trained,51,1.1,0,1,0.6,1.4,ascending,0.866025404,0.277777778
109,2,trained,52,1.2,0,1,0.6,1.4,ascending,0.866025404,0.277777778
109,2,trained,53,1.3,0,1,0.6,1.4,ascending,0.866025404,0.277777778
109,2,trained,54,1.4,0,1,0.6,1.4,ascending,0.866025404,0.277777778
109,2,trained,55,1.4,0,1,1.4,0.6,descending,0.866025404,0.277777778
109,2,trained,56,1.3,0,1,1.4,0.6,descending,0.866025404,0.277777778
109,2,trained,57,1.2,0,1,1.4,0.6,descending,0.866025404,0.277777778
109,2,trained,58,1.1,0,1,1.4,0.6,descending,0.866025404,0.277777778
109,2,trained,59,1,0,0,1.4,0.6,descending,0.866025404,0.277777778
109,2,trained,60,0.9,0,0,1.4,0.6,descending,0.866025404,0.277777778
109,2,trained,61,0.8,0,0,1.4,0.6,descending,0.866025404,0.277777778
109,2,trained,62,0.7,0,0,1.4,0.6,descending,0.866025404,0.277777778
109,2,trained,63,0.6,0,0,1.4,0.6,descending,0.866025404,0.277777778
109,2,trained,64,0.6,0,0,0.6,1.4,ascending,0.866025404,0.277777778
109,2,trained,65,0.7,0,0,0.6,1.4,ascending,0.866025404,0.277777778
109,2,trained,66,0.8,0,0,0.6,1.4,ascending,0.866025404,0.277777778
109,2,trained,67,0.9,0,0,0.6,1.4,ascending,0.866025404,0.277777778
109,2,trained,68,1,0,0,0.6,1.4,ascending,0.866025404,0.277777778
109,2,trained,69,1.1,0,1,0.6,1.4,ascending,0.866025404,0.277777778
109,2,trained,70,1.2,0,1,0.6,1.4,ascending,0.866025404,0.277777778
109,2,trained,71,1.3,0,1,0.6,1.4,ascending,0.866025404,0.277777778
109,2,trained,72,1.4,0,1,0.6,1.4,ascending,0.866025404,0.277777778
110,1,trained,1,0.6,0,0,0.6,1.4,ascending,0.821583836,0.25
110,1,trained,2,0.7,0,0,0.6,1.4,ascending,0.821583836,0.25
110,1,trained,3,0.8,0,0,0.6,1.4,ascending,0.821583836,0.25
110,1,trained,4,0.9,1,1,0.6,1.4,ascending,0.821583836,0.25
110,1,trained,5,1,1,1,0.6,1.4,ascending,0.821583836,0.25
110,1,trained,6,1.1,0,1,0.6,1.4,ascending,0.821583836,0.25
110,1,trained,7,1.2,0,1,0.6,1.4,ascending,0.821583836,0.25
110,1,trained,8,1.3,0,1,0.6,1.4,ascending,0.821583836,0.25
110,1,trained,9,1.4,0,1,0.6,1.4,ascending,0.821583836,0.25
110,1,trained,10,1.4,0,1,1.4,0.6,descending,0.866025404,0.277777778
110,1,trained,11,1.3,0,1,1.4,0.6,descending,0.866025404,0.277777778
110,1,trained,12,1.2,0,1,1.4,0.6,descending,0.866025404,0.277777778
110,1,trained,13,1.1,0,1,1.4,0.6,descending,0.866025404,0.277777778
110,1,trained,14,1,1,1,1.4,0.6,descending,0.866025404,0.277777778
110,1,trained,15,0.9,0,0,1.4,0.6,descending,0.866025404,0.277777778
110,1,trained,16,0.8,0,0,1.4,0.6,descending,0.866025404,0.277777778
110,1,trained,17,0.7,0,0,1.4,0.6,descending,0.866025404,0.277777778
110,1,trained,18,0.6,0,0,1.4,0.6,descending,0.866025404,0.277777778
110,1,trained,19,0.6,0,0,0.6,1.4,ascending,0.866025404,0.277777778
110,1,trained,20,0.7,0,0,0.6,1.4,ascending,0.866025404,0.277777778
110,1,trained,21,0.8,0,0,0.6,1.4,ascending,0.866025404,0.277777778
110,1,trained,22,0.9,0,0,0.6,1.4,ascending,0.866025404,0.277777778
110,1,trained,23,1,1,1,0.6,1.4,ascending,0.866025404,0.277777778
110,1,trained,24,1.1,0,1,0.6,1.4,ascending,0.866025404,0.277777778
110,1,trained,25,1.2,0,1,0.6,1.4,ascending,0.866025404,0.277777778
110,1,trained,26,1.3,0,1,0.6,1.4,ascending,0.866025404,0.277777778
110,1,trained,27,1.4,0,1,0.6,1.4,ascending,0.866025404,0.277777778
110,1,trained,28,1.4,0,1,1.4,0.6,descending,0.779422863,0.277777778
110,1,trained,29,1.3,0,1,1.4,0.6,descending,0.779422863,0.277777778
110,1,trained,30,1.2,0,1,1.4,0.6,descending,0.779422863,0.277777778
110,1,trained,31,1.1,0,1,1.4,0.6,descending,0.779422863,0.277777778
110,1,trained,32,1,0,0,1.4,0.6,descending,0.779422863,0.277777778
110,1,trained,33,0.9,1,1,1.4,0.6,descending,0.779422863,0.277777778
110,1,trained,34,0.8,0,0,1.4,0.6,descending,0.779422863,0.277777778
110,1,trained,35,0.7,0,0,1.4,0.6,descending,0.779422863,0.277777778
110,1,trained,36,0.6,0,0,1.4,0.6,descending,0.779422863,0.277777778
110,1,trained,37,0.6,0,0,0.6,1.4,ascending,0.821583836,0.25
110,1,trained,38,0.7,0,0,0.6,1.4,ascending,0.821583836,0.25
110,1,trained,39,0.8,0,0,0.6,1.4,ascending,0.821583836,0.25
110,1,trained,40,0.9,1,1,0.6,1.4,ascending,0.821583836,0.25
110,1,trained,41,1,1,1,0.6,1.4,ascending,0.821583836,0.25
110,1,trained,42,1.1,0,1,0.6,1.4,ascending,0.821583836,0.25
110,1,trained,43,1.2,0,1,0.6,1.4,ascending,0.821583836,0.25
110,1,trained,44,1.3,0,1,0.6,1.4,ascending,0.821583836,0.25
110,1,trained,45,1.4,0,1,0.6,1.4,ascending,0.821583836,0.25
110,1,trained,46,1.4,0,1,1.4,0.6,descending,0.866025404,0.277777778
110,1,trained,47,1.3,0,1,1.4,0.6,descending,0.866025404,0.277777778
110,1,trained,48,1.2,0,1,1.4,0.6,descending,0.866025404,0.277777778
110,1,trained,49,1.1,0,1,1.4,0.6,descending,0.866025404,0.277777778
110,1,trained,50,1,1,1,1.4,0.6,descending,0.866025404,0.277777778
110,1,trained,51,0.9,0,0,1.4,0.6,descending,0.866025404,0.277777778
110,1,trained,52,0.8,0,0,1.4,0.6,descending,0.866025404,0.277777778
110,1,trained,53,0.7,0,0,1.4,0.6,descending,0.866025404,0.277777778
110,1,trained,54,0.6,0,0,1.4,0.6,descending,0.866025404,0.277777778
110,1,trained,55,0.6,0,0,0.6,1.4,ascending,0.866025404,0.277777778
110,1,trained,56,0.7,0,0,0.6,1.4,ascending,0.866025404,0.277777778
110,1,trained,57,0.8,0,0,0.6,1.4,ascending,0.866025404,0.277777778
110,1,trained,58,0.9,0,0,0.6,1.4,ascending,0.866025404,0.277777778
110,1,trained,59,1,1,1,0.6,1.4,ascending,0.866025404,0.277777778
110,1,trained,60,1.1,0,1,0.6,1.4,ascending,0.866025404,0.277777778
110,1,trained,61,1.2,0,1,0.6,1.4,ascending,0.866025404,0.277777778
110,1,trained,62,1.3,0,1,0.6,1.4,ascending,0.866025404,0.277777778
110,1,trained,63,1.4,0,1,0.6,1.4,ascending,0.866025404,0.277777778
110,1,trained,64,1.4,0,1,1.4,0.6,descending,0.821583836,0.25
110,1,trained,65,1.3,0,1,1.4,0.6,descending,0.821583836,0.25
110,1,trained,66,1.2,0,1,1.4,0.6,descending,0.821583836,0.25
110,1,trained,67,1.1,0,1,1.4,0.6,descending,0.821583836,0.25
110,1,trained,68,1,1,1,1.4,0.6,descending,0.821583836,0.25
110,1,trained,69,0.9,1,1,1.4,0.6,descending,0.821583836,0.25
110,1,trained,70,0.8,0,0,1.4,0.6,descending,0.821583836,0.25
110,1,trained,71,0.7,0,0,1.4,0.6,descending,0.821583836,0.25
110,1,trained,72,0.6,0,0,1.4,0.6,descending,0.821583836,0.25
110,2,untrained,1,1.4,0,1,1.4,0.6,descending,0.519615242,0.277777778
110,2,untrained,2,1.3,0,1,1.4,0.6,descending,0.519615242,0.277777778
110,2,untrained,3,1.2,0,1,1.4,0.6,descending,0.519615242,0.277777778
110,2,untrained,4,1.1,0,1,1.4,0.6,descending,0.519615242,0.277777778
110,2,untrained,5,1,0,0,1.4,0.6,descending,0.519615242,0.277777778
110,2,untrained,6,0.9,0,0,1.4,0.6,descending,0.519615242,0.277777778
110,2,untrained,7,0.8,0,0,1.4,0.6,descending,0.519615242,0.277777778
110,2,untrained,8,0.7,0,0,1.4,0.6,descending,0.519615242,0.277777778
110,2,untrained,9,0.6,1,1,1.4,0.6,descending,0.519615242,0.277777778
110,2,untrained,10,0.6,0,0,0.6,1.4,ascending,0.866025404,0.277777778
110,2,untrained,11,0.7,0,0,0.6,1.4,ascending,0.866025404,0.277777778
110,2,untrained,12,0.8,0,0,0.6,1.4,ascending,0.866025404,0.277777778
110,2,untrained,13,0.9,0,0,0.6,1.4,ascending,0.866025404,0.277777778
110,2,untrained,14,1,0,0,0.6,1.4,ascending,0.866025404,0.277777778
110,2,untrained,15,1.1,0,1,0.6,1.4,ascending,0.866025404,0.277777778
110,2,untrained,16,1.2,0,1,0.6,1.4,ascending,0.866025404,0.277777778
110,2,untrained,17,1.3,0,1,0.6,1.4,ascending,0.866025404,0.277777778
110,2,untrained,18,1.4,0,1,0.6,1.4,ascending,0.866025404,0.277777778
110,2,untrained,19,1.4,0,1,1.4,0.6,descending,0.606217783,0.277777778
110,2,untrained,20,1.3,0,1,1.4,0.6,descending,0.606217783,0.277777778
110,2,untrained,21,1.2,0,1,1.4,0.6,descending,0.606217783,0.277777778
110,2,untrained,22,1.1,1,0,1.4,0.6,descending,0.606217783,0.277777778
110,2,untrained,23,1,1,1,1.4,0.6,descending,0.606217783,0.277777778
110,2,untrained,24,0.9,0,0,1.4,0.6,descending,0.606217783,0.277777778
110,2,untrained,25,0.8,1,1,1.4,0.6,descending,0.606217783,0.277777778
110,2,untrained,26,0.7,0,0,1.4,0.6,descending,0.606217783,0.277777778
110,2,untrained,27,0.6,0,0,1.4,0.6,descending,0.606217783,0.277777778
110,2,untrained,28,0.6,0,0,0.6,1.4,ascending,0.866025404,0.277777778
110,2,untrained,29,0.7,0,0,0.6,1.4,ascending,0.866025404,0.277777778
110,2,untrained,30,0.8,0,0,0.6,1.4,ascending,0.866025404,0.277777778
110,2,untrained,31,0.9,0,0,0.6,1.4,ascending,0.866025404,0.277777778
110,2,untrained,32,1,0,0,0.6,1.4,ascending,0.866025404,0.277777778
110,2,untrained,33,1.1,0,1,0.6,1.4,ascending,0.866025404,0.277777778
110,2,untrained,34,1.2,0,1,0.6,1.4,ascending,0.866025404,0.277777778
110,2,untrained,35,1.3,0,1,0.6,1.4,ascending,0.866025404,0.277777778
110,2,untrained,36,1.4,0,1,0.6,1.4,ascending,0.866025404,0.277777778
110,2,untrained,37,1.4,0,1,1.4,0.6,descending,0.866025404,0.277777778
110,2,untrained,38,1.3,0,1,1.4,0.6,descending,0.866025404,0.277777778
110,2,untrained,39,1.2,0,1,1.4,0.6,descending,0.866025404,0.277777778
110,2,untrained,40,1.1,0,1,1.4,0.6,descending,0.866025404,0.277777778
110,2,untrained,41,1,1,1,1.4,0.6,descending,0.866025404,0.277777778
110,2,untrained,42,0.9,0,0,1.4,0.6,descending,0.866025404,0.277777778
110,2,untrained,43,0.8,0,0,1.4,0.6,descending,0.866025404,0.277777778
110,2,untrained,44,0.7,0,0,1.4,0.6,descending,0.866025404,0.277777778
110,2,untrained,45,0.6,0,0,1.4,0.6,descending,0.866025404,0.277777778
110,2,untrained,46,0.6,0,0,0.6,1.4,ascending,0.63900965,0.25
110,2,untrained,47,0.7,1,1,0.6,1.4,ascending,0.63900965,0.25
110,2,untrained,48,0.8,0,0,0.6,1.4,ascending,0.63900965,0.25
110,2,untrained,49,0.9,0,0,0.6,1.4,ascending,0.63900965,0.25
110,2,untrained,50,1,1,1,0.6,1.4,ascending,0.63900965,0.25
110,2,untrained,51,1.1,0,1,0.6,1.4,ascending,0.63900965,0.25
110,2,untrained,52,1.2,0,1,0.6,1.4,ascending,0.63900965,0.25
110,2,untrained,53,1.3,0,1,0.6,1.4,ascending,0.63900965,0.25
110,2,untrained,54,1.4,0,1,0.6,1.4,ascending,0.63900965,0.25
110,2,untrained,55,1.4,0,1,1.4,0.6,descending,0.621059003,0.194444444
110,2,untrained,56,1.3,0,1,1.4,0.6,descending,0.621059003,0.194444444
110,2,untrained,57,1.2,0,1,1.4,0.6,descending,0.621059003,0.194444444
110,2,untrained,58,1.1,0,1,1.4,0.6,descending,0.621059003,0.194444444
110,2,untrained,59,1,1,1,1.4,0.6,descending,0.621059003,0.194444444
110,2,untrained,60,0.9,1,1,1.4,0.6,descending,0.621059003,0.194444444
110,2,untrained,61,0.8,0,0,1.4,0.6,descending,0.621059003,0.194444444
110,2,untrained,62,0.7,1,1,1.4,0.6,descending,0.621059003,0.194444444
110,2,untrained,63,0.6,0,0,1.4,0.6,descending,0.621059003,0.194444444
110,2,untrained,64,0.6,0,0,0.6,1.4,ascending,0.724568837,0.194444444
110,2,untrained,65,0.7,0,0,0.6,1.4,ascending,0.724568837,0.194444444
110,2,untrained,66,0.8,1,1,0.6,1.4,ascending,0.724568837,0.194444444
110,2,untrained,67,0.9,1,1,0.6,1.4,ascending,0.724568837,0.194444444
110,2,untrained,68,1,1,1,0.6,1.4,ascending,0.724568837,0.194444444
110,2,untrained,69,1.1,0,1,0.6,1.4,ascending,0.724568837,0.194444444
110,2,untrained,70,1.2,0,1,0.6,1.4,ascending,0.724568837,0.194444444
110,2,untrained,71,1.3,0,1,0.6,1.4,ascending,0.724568837,0.194444444
110,2,untrained,72,1.4,0,1,0.6,1.4,ascending,0.724568837,0.194444444
111,1,untrained,1,0.6,0,0,0.6,1.4,ascending,0.606217783,0.277777778
111,1,untrained,2,0.7,0,0,0.6,1.4,ascending,0.606217783,0.277777778
111,1,untrained,3,0.8,1,1,0.6,1.4,ascending,0.606217783,0.277777778
111,1,untrained,4,0.9,0,0,0.6,1.4,ascending,0.606217783,0.277777778
111,1,untrained,5,1,0,0,0.6,1.4,ascending,0.606217783,0.277777778
111,1,untrained,6,1.1,1,0,0.6,1.4,ascending,0.606217783,0.277777778
111,1,untrained,7,1.2,0,1,0.6,1.4,ascending,0.606217783,0.277777778
111,1,untrained,8,1.3,0,1,0.6,1.4,ascending,0.606217783,0.277777778
111,1,untrained,9,1.4,0,1,0.6,1.4,ascending,0.606217783,0.277777778
111,1,untrained,10,1.4,0,1,1.4,0.6,descending,0.519615242,0.277777778
111,1,untrained,11,1.3,0,1,1.4,0.6,descending,0.519615242,0.277777778
111,1,untrained,12,1.2,1,0,1.4,0.6,descending,0.519615242,0.277777778
111,1,untrained,13,1.1,1,0,1.4,0.6,descending,0.519615242,0.277777778
111,1,untrained,14,1,1,1,1.4,0.6,descending,0.519615242,0.277777778
111,1,untrained,15,0.9,1,1,1.4,0.6,descending,0.519615242,0.277777778
111,1,untrained,16,0.8,0,0,1.4,0.6,descending,0.519615242,0.277777778
111,1,untrained,17,0.7,0,0,1.4,0.6,descending,0.519615242,0.277777778
111,1,untrained,18,0.6,0,0,1.4,0.6,descending,0.519615242,0.277777778
111,1,untrained,19,0.6,0,0,0.6,1.4,ascending,0.866025404,0.277777778
111,1,untrained,20,0.7,0,0,0.6,1.4,ascending,0.866025404,0.277777778
111,1,untrained,21,0.8,0,0,0.6,1.4,ascending,0.866025404,0.277777778
111,1,untrained,22,0.9,0,0,0.6,1.4,ascending,0.866025404,0.277777778
111,1,untrained,23,1,0,0,0.6,1.4,ascending,0.866025404,0.277777778
111,1,untrained,24,1.1,0,1,0.6,1.4,ascending,0.866025404,0.277777778
111,1,untrained,25,1.2,0,1,0.6,1.4,ascending,0.866025404,0.277777778
111,1,untrained,26,1.3,0,1,0.6,1.4,ascending,0.866025404,0.277777778
111,1,untrained,27,1.4,0,1,0.6,1.4,ascending,0.866025404,0.277777778
111,1,untrained,28,1.4,0,1,1.4,0.6,descending,0.779422863,0.277777778
111,1,untrained,29,1.3,0,1,1.4,0.6,descending,0.779422863,0.277777778
111,1,untrained,30,1.2,0,1,1.4,0.6,descending,0.779422863,0.277777778
111,1,untrained,31,1.1,1,0,1.4,0.6,descending,0.779422863,0.277777778
111,1,untrained,32,1,1,1,1.4,0.6,descending,0.779422863,0.277777778
111,1,untrained,33,0.9,0,0,1.4,0.6,descending,0.779422863,0.277777778
111,1,untrained,34,0.8,0,0,1.4,0.6,descending,0.779422863,0.277777778
111,1,untrained,35,0.7,0,0,1.4,0.6,descending,0.779422863,0.277777778
111,1,untrained,36,0.6,0,0,1.4,0.6,descending,0.779422863,0.277777778
111,1,untrained,37,0.6,0,0,0.6,1.4,ascending,0.821583836,0.25
111,1,untrained,38,0.7,0,0,0.6,1.4,ascending,0.821583836,0.25
111,1,untrained,39,0.8,0,0,0.6,1.4,ascending,0.821583836,0.25
111,1,untrained,40,0.9,0,0,0.6,1.4,ascending,0.821583836,0.25
111,1,untrained,41,1,0,0,0.6,1.4,ascending,0.821583836,0.25
111,1,untrained,42,1.1,1,0,0.6,1.4,ascending,0.821583836,0.25
111,1,untrained,43,1.2,0,1,0.6,1.4,ascending,0.821583836,0.25
111,1,untrained,44,1.3,0,1,0.6,1.4,ascending,0.821583836,0.25
111,1,untrained,45,1.4,0,1,0.6,1.4,ascending,0.821583836,0.25
111,1,untrained,46,1.4,0,1,1.4,0.6,descending,0.547722558,0.25
111,1,untrained,47,1.3,0,1,1.4,0.6,descending,0.547722558,0.25
111,1,untrained,48,1.2,0,1,1.4,0.6,descending,0.547722558,0.25
111,1,untrained,49,1.1,1,0,1.4,0.6,descending,0.547722558,0.25
111,1,untrained,50,1,1,1,1.4,0.6,descending,0.547722558,0.25
111,1,untrained,51,0.9,1,1,1.4,0.6,descending,0.547722558,0.25
111,1,untrained,52,0.8,1,1,1.4,0.6,descending,0.547722558,0.25
111,1,untrained,53,0.7,0,0,1.4,0.6,descending,0.547722558,0.25
111,1,untrained,54,0.6,0,0,1.4,0.6,descending,0.547722558,0.25
111,1,untrained,55,0.6,0,0,0.6,1.4,ascending,0.821583836,0.25
111,1,untrained,56,0.7,0,0,0.6,1.4,ascending,0.821583836,0.25
111,1,untrained,57,0.8,0,0,0.6,1.4,ascending,0.821583836,0.25
111,1,untrained,58,0.9,0,0,0.6,1.4,ascending,0.821583836,0.25
111,1,untrained,59,1,0,0,0.6,1.4,ascending,0.821583836,0.25
111,1,untrained,60,1.1,1,0,0.6,1.4,ascending,0.821583836,0.25
111,1,untrained,61,1.2,0,1,0.6,1.4,ascending,0.821583836,0.25
111,1,untrained,62,1.3,0,1,0.6,1.4,ascending,0.821583836,0.25
111,1,untrained,63,1.4,0,1,0.6,1.4,ascending,0.821583836,0.25
111,1,untrained,64,1.4,0,1,1.4,0.6,descending,0.606217783,0.277777778
111,1,untrained,65,1.3,0,1,1.4,0.6,descending,0.606217783,0.277777778
111,1,untrained,66,1.2,1,0,1.4,0.6,descending,0.606217783,0.277777778
111,1,untrained,67,1.1,0,1,1.4,0.6,descending,0.606217783,0.277777778
111,1,untrained,68,1,0,0,1.4,0.6,descending,0.606217783,0.277777778
111,1,untrained,69,0.9,1,1,1.4,0.6,descending,0.606217783,0.277777778
111,1,untrained,70,0.8,0,0,1.4,0.6,descending,0.606217783,0.277777778
111,1,untrained,71,0.7,0,0,1.4,0.6,descending,0.606217783,0.277777778
111,1,untrained,72,0.6,0,0,1.4,0.6,descending,0.606217783,0.277777778
111,2,trained,1,1.4,0,1,1.4,0.6,descending,0.779422863,0.277777778
111,2,trained,2,1.3,0,1,1.4,0.6,descending,0.779422863,0.277777778
111,2,trained,3,1.2,0,1,1.4,0.6,descending,0.779422863,0.277777778
111,2,trained,4,1.1,1,0,1.4,0.6,descending,0.779422863,0.277777778
111,2,trained,5,1,1,1,1.4,0.6,descending,0.779422863,0.277777778
111,2,trained,6,0.9,0,0,1.4,0.6,descending,0.779422863,0.277777778
111,2,trained,7,0.8,0,0,1.4,0.6,descending,0.779422863,0.277777778
111,2,trained,8,0.7,0,0,1.4,0.6,descending,0.779422863,0.277777778
111,2,trained,9,0.6,0,0,1.4,0.6,descending,0.779422863,0.277777778
111,2,trained,10,0.6,0,0,0.6,1.4,ascending,0.866025404,0.277777778
111,2,trained,11,0.7,0,0,0.6,1.4,ascending,0.866025404,0.277777778
111,2,trained,12,0.8,0,0,0.6,1.4,ascending,0.866025404,0.277777778
111,2,trained,13,0.9,0,0,0.6,1.4,ascending,0.866025404,0.277777778
111,2,trained,14,1,0,0,0.6,1.4,ascending,0.866025404,0.277777778
111,2,trained,15,1.1,0,1,0.6,1.4,ascending,0.866025404,0.277777778
111,2,trained,16,1.2,0,1,0.6,1.4,ascending,0.866025404,0.277777778
111,2,trained,17,1.3,0,1,0.6,1.4,ascending,0.866025404,0.277777778
111,2,trained,18,1.4,0,1,0.6,1.4,ascending,0.866025404,0.277777778
111,2,trained,19,1.4,0,1,1.4,0.6,descending,0.866025404,0.277777778
111,2,trained,20,1.3,0,1,1.4,0.6,descending,0.866025404,0.277777778
111,2,trained,21,1.2,0,1,1.4,0.6,descending,0.866025404,0.277777778
111,2,trained,22,1.1,0,1,1.4,0.6,descending,0.866025404,0.277777778
111,2,trained,23,1,0,0,1.4,0.6,descending,0.866025404,0.277777778
111,2,trained,24,0.9,0,0,1.4,0.6,descending,0.866025404,0.277777778
111,2,trained,25,0.8,0,0,1.4,0.6,descending,0.866025404,0.277777778
111,2,trained,26,0.7,0,0,1.4,0.6,descending,0.866025404,0.277777778
111,2,trained,27,0.6,0,0,1.4,0.6,descending,0.866025404,0.277777778
111,2,trained,28,0.6,0,0,0.6,1.4,ascending,0.866025404,0.277777778
111,2,trained,29,0.7,0,0,0.6,1.4,ascending,0.866025404,0.277777778
111,2,trained,30,0.8,0,0,0.6,1.4,ascending,0.866025404,0.277777778
111,2,trained,31,0.9,0,0,0.6,1.4,ascending,0.866025404,0.277777778
111,2,trained,32,1,0,0,0.6,1.4,ascending,0.866025404,0.277777778
111,2,trained,33,1.1,0,1,0.6,1.4,ascending,0.866025404,0.277777778
111,2,trained,34,1.2,0,1,0.6,1.4,ascending,0.866025404,0.277777778
111,2,trained,35,1.3,0,1,0.6,1.4,ascending,0.866025404,0.277777778
111,2,trained,36,1.4,0,1,0.6,1.4,ascending,0.866025404,0.277777778
111,2,trained,37,1.4,0,1,1.4,0.6,descending,0.692820323,0.277777778
111,2,trained,38,1.3,0,1,1.4,0.6,descending,0.692820323,0.277777778
111,2,trained,39,1.2,1,0,1.4,0.6,descending,0.692820323,0.277777778
111,2,trained,40,1.1,0,1,1.4,0.6,descending,0.692820323,0.277777778
111,2,trained,41,1,1,1,1.4,0.6,descending,0.692820323,0.277777778
111,2,trained,42,0.9,0,0,1.4,0.6,descending,0.692820323,0.277777778
111,2,trained,43,0.8,0,0,1.4,0.6,descending,0.692820323,0.277777778
111,2,trained,44,0.7,0,0,1.4,0.6,descending,0.692820323,0.277777778
111,2,trained,45,0.6,0,0,1.4,0.6,descending,0.692820323,0.277777778
111,2,trained,46,0.6,0,0,0.6,1.4,ascending,0.866025404,0.277777778
111,2,trained,47,0.7,0,0,0.6,1.4,ascending,0.866025404,0.277777778
111,2,trained,48,0.8,0,0,0.6,1.4,ascending,0.866025404,0.277777778
111,2,trained,49,0.9,0,0,0.6,1.4,ascending,0.866025404,0.277777778
111,2,trained,50,1,0,0,0.6,1.4,ascending,0.866025404,0.277777778
111,2,trained,51,1.1,0,1,0.6,1.4,ascending,0.866025404,0.277777778
111,2,trained,52,1.2,0,1,0.6,1.4,ascending,0.866025404,0.277777778
111,2,trained,53,1.3,0,1,0.6,1.4,ascending,0.866025404,0.277777778
111,2,trained,54,1.4,0,1,0.6,1.4,ascending,0.866025404,0.277777778
111,2,trained,55,1.4,0,1,1.4,0.6,descending,0.779422863,0.277777778
111,2,trained,56,1.3,0,1,1.4,0.6,descending,0.779422863,0.277777778
111,2,trained,57,1.2,0,1,1.4,0.6,descending,0.779422863,0.277777778
111,2,trained,58,1.1,1,0,1.4,0.6,descending,0.779422863,0.277777778
111,2,trained,59,1,1,1,1.4,0.6,descending,0.779422863,0.277777778
111,2,trained,60,0.9,0,0,1.4,0.6,descending,0.779422863,0.277777778
111,2,trained,61,0.8,0,0,1.4,0.6,descending,0.779422863,0.277777778
111,2,trained,62,0.7,0,0,1.4,0.6,descending,0.779422863,0.277777778
111,2,trained,63,0.6,0,0,1.4,0.6,descending,0.779422863,0.277777778
111,2,trained,64,0.6,0,0,0.6,1.4,ascending,0.821583836,0.25
111,2,trained,65,0.7,0,0,0.6,1.4,ascending,0.821583836,0.25
111,2,trained,66,0.8,0,0,0.6,1.4,ascending,0.821583836,0.25
111,2,trained,67,0.9,0,0,0.6,1.4,ascending,0.821583836,0.25
111,2,trained,68,1,0,0,0.6,1.4,ascending,0.821583836,0.25
111,2,trained,69,1.1,1,0,0.6,1.4,ascending,0.821583836,0.25
111,2,trained,70,1.2,0,1,0.6,1.4,ascending,0.821583836,0.25
111,2,trained,71,1.3,0,1,0.6,1.4,ascending,0.821583836,0.25
111,2,trained,72,1.4,0,1,0.6,1.4,ascending,0.821583836,0.25
112,1,trained,1,0.6,0,0,0.6,1.4,ascending,0.547722558,0.25
112,1,trained,2,0.7,0,0,0.6,1.4,ascending,0.547722558,0.25
112,1,trained,3,0.8,1,1,0.6,1.4,ascending,0.547722558,0.25
112,1,trained,4,0.9,1,1,0.6,1.4,ascending,0.547722558,0.25
112,1,trained,5,1,1,1,0.6,1.4,ascending,0.547722558,0.25
112,1,trained,6,1.1,1,0,0.6,1.4,ascending,0.547722558,0.25
112,1,trained,7,1.2,0,1,0.6,1.4,ascending,0.547722558,0.25
112,1,trained,8,1.3,0,1,0.6,1.4,ascending,0.547722558,0.25
112,1,trained,9,1.4,0,1,0.6,1.4,ascending,0.547722558,0.25
112,1,trained,10,1.4,0,1,1.4,0.6,descending,0.866025404,0.277777778
112,1,trained,11,1.3,0,1,1.4,0.6,descending,0.866025404,0.277777778
112,1,trained,12,1.2,0,1,1.4,0.6,descending,0.866025404,0.277777778
112,1,trained,13,1.1,0,1,1.4,0.6,descending,0.866025404,0.277777778
112,1,trained,14,1,0,0,1.4,0.6,descending,0.866025404,0.277777778
112,1,trained,15,0.9,0,0,1.4,0.6,descending,0.866025404,0.277777778
112,1,trained,16,0.8,0,0,1.4,0.6,descending,0.866025404,0.277777778
112,1,trained,17,0.7,0,0,1.4,0.6,descending,0.866025404,0.277777778
112,1,trained,18,0.6,0,0,1.4,0.6,descending,0.866025404,0.277777778
112,1,trained,19,0.6,0,0,0.6,1.4,ascending,0.866025404,0.277777778
112,1,trained,20,0.7,0,0,0.6,1.4,ascending,0.866025404,0.277777778
112,1,trained,21,0.8,0,0,0.6,1.4,ascending,0.866025404,0.277777778
112,1,trained,22,0.9,0,0,0.6,1.4,ascending,0.866025404,0.277777778
112,1,trained,23,1,0,0,0.6,1.4,ascending,0.866025404,0.277777778
112,1,trained,24,1.1,0,1,0.6,1.4,ascending,0.866025404,0.277777778
112,1,trained,25,1.2,0,1,0.6,1.4,ascending,0.866025404,0.277777778
112,1,trained,26,1.3,0,1,0.6,1.4,ascending,0.866025404,0.277777778
112,1,trained,27,1.4,0,1,0.6,1.4,ascending,0.866025404,0.277777778
112,1,trained,28,1.4,0,1,1.4,0.6,descending,0.692820323,0.277777778
112,1,trained,29,1.3,0,1,1.4,0.6,descending,0.692820323,0.277777778
112,1,trained,30,1.2,0,1,1.4,0.6,descending,0.692820323,0.277777778
112,1,trained,31,1.1,0,1,1.4,0.6,descending,0.692820323,0.277777778
112,1,trained,32,1,0,0,1.4,0.6,descending,0.692820323,0.277777778
112,1,trained,33,0.9,0,0,1.4,0.6,descending,0.692820323,0.277777778
112,1,trained,34,0.8,1,1,1.4,0.6,descending,0.692820323,0.277777778
112,1,trained,35,0.7,0,0,1.4,0.6,descending,0.692820323,0.277777778
112,1,trained,36,0.6,0,0,1.4,0.6,descending,0.692820323,0.277777778
112,1,trained,37,0.6,0,0,0.6,1.4,ascending,0.547722558,0.25
112,1,trained,38,0.7,1,1,0.6,1.4,ascending,0.547722558,0.25
112,1,trained,39,0.8,0,0,0.6,1.4,ascending,0.547722558,0.25
112,1,trained,40,0.9,1,1,0.6,1.4,ascending,0.547722558,0.25
112,1,trained,41,1,0,0,0.6,1.4,ascending,0.547722558,0.25
112,1,trained,42,1.1,0,1,0.6,1.4,ascending,0.547722558,0.25
112,1,trained,43,1.2,0,1,0.6,1.4,ascending,0.547722558,0.25
112,1,trained,44,1.3,0,1,0.6,1.4,ascending,0.547722558,0.25
112,1,trained,45,1.4,0,1,0.6,1.4,ascending,0.547722558,0.25
112,1,trained,46,1.4,0,1,1.4,0.6,descending,0.821583836,0.25
112,1,trained,47,1.3,0,1,1.4,0.6,descending,0.821583836,0.25
112,1,trained,48,1.2,0,1,1.4,0.6,descending,0.821583836,0.25
112,1,trained,49,1.1,0,1,1.4,0.6,descending,0.821583836,0.25
112,1,trained,50,1,1,1,1.4,0.6,descending,0.821583836,0.25
112,1,trained,51,0.9,1,1,1.4,0.6,descending,0.821583836,0.25
112,1,trained,52,0.8,0,0,1.4,0.6,descending,0.821583836,0.25
112,1,trained,53,0.7,0,0,1.4,0.6,descending,0.821583836,0.25
112,1,trained,54,0.6,0,0,1.4,0.6,descending,0.821583836,0.25
112,1,trained,55,0.6,0,0,0.6,1.4,ascending,0.866025404,0.277777778
112,1,trained,56,0.7,0,0,0.6,1.4,ascending,0.866025404,0.277777778
112,1,trained,57,0.8,0,0,0.6,1.4,ascending,0.866025404,0.277777778
112,1,trained,58,0.9,0,0,0.6,1.4,ascending,0.866025404,0.277777778
112,1,trained,59,1,1,1,0.6,1.4,ascending,0.866025404,0.277777778
112,1,trained,60,1.1,0,1,0.6,1.4,ascending,0.866025404,0.277777778
112,1,trained,61,1.2,0,1,0.6,1.4,ascending,0.866025404,0.277777778
112,1,trained,62,1.3,0,1,0.6,1.4,ascending,0.866025404,0.277777778
112,1,trained,63,1.4,0,1,0.6,1.4,ascending,0.866025404,0.277777778
112,1,trained,64,1.4,0,1,1.4,0.6,descending,0.821583836,0.25
112,1,trained,65,1.3,0,1,1.4,0.6,descending,0.821583836,0.25
112,1,trained,66,1.2,0,1,1.4,0.6,descending,0.821583836,0.25
112,1,trained,67,1.1,0,1,1.4,0.6,descending,0.821583836,0.25
112,1,trained,68,1,1,1,1.4,0.6,descending,0.821583836,0.25
112,1,trained,69,0.9,1,1,1.4,0.6,descending,0.821583836,0.25
112,1,trained,70,0.8,0,0,1.4,0.6,descending,0.821583836,0.25
112,1,trained,71,0.7,0,0,1.4,0.6,descending,0.821583836,0.25
112,1,trained,72,0.6,0,0,1.4,0.6,descending,0.821583836,0.25
112,2,untrained,10,0.6,0,0,0.6,1.4,ascending,0.866025404,0.277777778
112,2,untrained,11,0.7,0,0,0.6,1.4,ascending,0.866025404,0.277777778
112,2,untrained,12,0.8,0,0,0.6,1.4,ascending,0.866025404,0.277777778
112,2,untrained,13,0.9,0,0,0.6,1.4,ascending,0.866025404,0.277777778
112,2,untrained,14,1,1,1,0.6,1.4,ascending,0.866025404,0.277777778
112,2,untrained,15,1.1,0,1,0.6,1.4,ascending,0.866025404,0.277777778
112,2,untrained,16,1.2,0,1,0.6,1.4,ascending,0.866025404,0.277777778
112,2,untrained,17,1.3,0,1,0.6,1.4,ascending,0.866025404,0.277777778
112,2,untrained,18,1.4,0,1,0.6,1.4,ascending,0.866025404,0.277777778
112,2,untrained,19,1.4,0,1,1.4,0.6,descending,0.779422863,0.277777778
112,2,untrained,20,1.3,0,1,1.4,0.6,descending,0.779422863,0.277777778
112,2,untrained,21,1.2,0,1,1.4,0.6,descending,0.779422863,0.277777778
112,2,untrained,22,1.1,1,0,1.4,0.6,descending,0.779422863,0.277777778
112,2,untrained,23,1,1,1,1.4,0.6,descending,0.779422863,0.277777778
112,2,untrained,24,0.9,0,0,1.4,0.6,descending,0.779422863,0.277777778
112,2,untrained,25,0.8,0,0,1.4,0.6,descending,0.779422863,0.277777778
112,2,untrained,26,0.7,0,0,1.4,0.6,descending,0.779422863,0.277777778
112,2,untrained,27,0.6,0,0,1.4,0.6,descending,0.779422863,0.277777778
112,2,untrained,28,0.6,0,0,0.6,1.4,ascending,0.821583836,0.25
112,2,untrained,29,0.7,0,0,0.6,1.4,ascending,0.821583836,0.25
112,2,untrained,30,0.8,0,0,0.6,1.4,ascending,0.821583836,0.25
112,2,untrained,31,0.9,1,1,0.6,1.4,ascending,0.821583836,0.25
112,2,untrained,32,1,1,1,0.6,1.4,ascending,0.821583836,0.25
112,2,untrained,33,1.1,0,1,0.6,1.4,ascending,0.821583836,0.25
112,2,untrained,34,1.2,0,1,0.6,1.4,ascending,0.821583836,0.25
112,2,untrained,35,1.3,0,1,0.6,1.4,ascending,0.821583836,0.25
112,2,untrained,36,1.4,0,1,0.6,1.4,ascending,0.821583836,0.25
112,2,untrained,37,1.4,0,1,1.4,0.6,descending,0.866025404,0.277777778
112,2,untrained,38,1.3,0,1,1.4,0.6,descending,0.866025404,0.277777778
112,2,untrained,39,1.2,0,1,1.4,0.6,descending,0.866025404,0.277777778
112,2,untrained,40,1.1,0,1,1.4,0.6,descending,0.866025404,0.277777778
112,2,untrained,41,1,1,1,1.4,0.6,descending,0.866025404,0.277777778
112,2,untrained,42,0.9,0,0,1.4,0.6,descending,0.866025404,0.277777778
112,2,untrained,43,0.8,0,0,1.4,0.6,descending,0.866025404,0.277777778
112,2,untrained,44,0.7,0,0,1.4,0.6,descending,0.866025404,0.277777778
112,2,untrained,45,0.6,0,0,1.4,0.6,descending,0.866025404,0.277777778
112,2,untrained,46,0.6,0,0,0.6,1.4,ascending,0.63900965,0.25
112,2,untrained,47,0.7,0,0,0.6,1.4,ascending,0.63900965,0.25
112,2,untrained,48,0.8,0,0,0.6,1.4,ascending,0.63900965,0.25
112,2,untrained,49,0.9,0,0,0.6,1.4,ascending,0.63900965,0.25
112,2,untrained,50,1,1,1,0.6,1.4,ascending,0.63900965,0.25
112,2,untrained,51,1.1,1,0,0.6,1.4,ascending,0.63900965,0.25
112,2,untrained,52,1.2,1,0,0.6,1.4,ascending,0.63900965,0.25
112,2,untrained,53,1.3,0,1,0.6,1.4,ascending,0.63900965,0.25
112,2,untrained,54,1.4,0,1,0.6,1.4,ascending,0.63900965,0.25
112,2,untrained,55,1.4,0,1,1.4,0.6,descending,0.779422863,0.277777778
112,2,untrained,56,1.3,0,1,1.4,0.6,descending,0.779422863,0.277777778
112,2,untrained,57,1.2,0,1,1.4,0.6,descending,0.779422863,0.277777778
112,2,untrained,58,1.1,0,1,1.4,0.6,descending,0.779422863,0.277777778
112,2,untrained,59,1,0,0,1.4,0.6,descending,0.779422863,0.277777778
112,2,untrained,60,0.9,1,1,1.4,0.6,descending,0.779422863,0.277777778
112,2,untrained,61,0.8,0,0,1.4,0.6,descending,0.779422863,0.277777778
112,2,untrained,62,0.7,0,0,1.4,0.6,descending,0.779422863,0.277777778
112,2,untrained,63,0.6,0,0,1.4,0.6,descending,0.779422863,0.277777778
112,2,untrained,64,0.6,0,0,0.6,1.4,ascending,0.779422863,0.277777778
112,2,untrained,65,0.7,0,0,0.6,1.4,ascending,0.779422863,0.277777778
112,2,untrained,66,0.8,0,0,0.6,1.4,ascending,0.779422863,0.277777778
112,2,untrained,67,0.9,1,1,0.6,1.4,ascending,0.779422863,0.277777778
112,2,untrained,68,1,0,0,0.6,1.4,ascending,0.779422863,0.277777778
112,2,untrained,69,1.1,0,1,0.6,1.4,ascending,0.779422863,0.277777778
112,2,untrained,70,1.2,0,1,0.6,1.4,ascending,0.779422863,0.277777778
112,2,untrained,71,1.3,0,1,0.6,1.4,ascending,0.779422863,0.277777778
112,2,untrained,72,1.4,0,1,0.6,1.4,ascending,0.779422863,0.277777778
113,1,untrained,1,0.6,0,0,0.6,1.4,ascending,0.730296743,0.25
113,1,untrained,2,0.7,0,0,0.6,1.4,ascending,0.730296743,0.25
113,1,untrained,3,0.8,1,1,0.6,1.4,ascending,0.730296743,0.25
113,1,untrained,4,0.9,0,0,0.6,1.4,ascending,0.730296743,0.25
113,1,untrained,5,1,1,1,0.6,1.4,ascending,0.730296743,0.25
113,1,untrained,6,1.1,0,1,0.6,1.4,ascending,0.730296743,0.25
113,1,untrained,7,1.2,0,1,0.6,1.4,ascending,0.730296743,0.25
113,1,untrained,8,1.3,0,1,0.6,1.4,ascending,0.730296743,0.25
113,1,untrained,9,1.4,0,1,0.6,1.4,ascending,0.730296743,0.25
113,1,untrained,10,1.4,0,1,1.4,0.6,descending,0.692820323,0.277777778
113,1,untrained,11,1.3,0,1,1.4,0.6,descending,0.692820323,0.277777778
113,1,untrained,12,1.2,0,1,1.4,0.6,descending,0.692820323,0.277777778
113,1,untrained,13,1.1,1,0,1.4,0.6,descending,0.692820323,0.277777778
113,1,untrained,14,1,0,0,1.4,0.6,descending,0.692820323,0.277777778
113,1,untrained,15,0.9,1,1,1.4,0.6,descending,0.692820323,0.277777778
113,1,untrained,16,0.8,0,0,1.4,0.6,descending,0.692820323,0.277777778
113,1,untrained,17,0.7,0,0,1.4,0.6,descending,0.692820323,0.277777778
113,1,untrained,18,0.6,0,0,1.4,0.6,descending,0.692820323,0.277777778
113,1,untrained,19,0.6,0,0,0.6,1.4,ascending,0.692820323,0.277777778
113,1,untrained,20,0.7,0,0,0.6,1.4,ascending,0.692820323,0.277777778
113,1,untrained,21,0.8,0,0,0.6,1.4,ascending,0.692820323,0.277777778
113,1,untrained,22,0.9,1,1,0.6,1.4,ascending,0.692820323,0.277777778
113,1,untrained,23,1,1,1,0.6,1.4,ascending,0.692820323,0.277777778
113,1,untrained,24,1.1,1,0,0.6,1.4,ascending,0.692820323,0.277777778
113,1,untrained,25,1.2,0,1,0.6,1.4,ascending,0.692820323,0.277777778
113,1,untrained,26,1.3,0,1,0.6,1.4,ascending,0.692820323,0.277777778
113,1,untrained,27,1.4,0,1,0.6,1.4,ascending,0.692820323,0.277777778
113,1,untrained,28,1.4,0,1,1.4,0.6,descending,0.821583836,0.25
113,1,untrained,29,1.3,0,1,1.4,0.6,descending,0.821583836,0.25
113,1,untrained,30,1.2,0,1,1.4,0.6,descending,0.821583836,0.25
113,1,untrained,31,1.1,1,0,1.4,0.6,descending,0.821583836,0.25
113,1,untrained,32,1,0,0,1.4,0.6,descending,0.821583836,0.25
113,1,untrained,33,0.9,0,0,1.4,0.6,descending,0.821583836,0.25
113,1,untrained,34,0.8,0,0,1.4,0.6,descending,0.821583836,0.25
113,1,untrained,35,0.7,0,0,1.4,0.6,descending,0.821583836,0.25
113,1,untrained,36,0.6,0,0,1.4,0.6,descending,0.821583836,0.25
113,1,untrained,37,0.6,0,0,0.6,1.4,ascending,0.821583836,0.25
113,1,untrained,38,0.7,0,0,0.6,1.4,ascending,0.821583836,0.25
113,1,untrained,39,0.8,0,0,0.6,1.4,ascending,0.821583836,0.25
113,1,untrained,40,0.9,1,1,0.6,1.4,ascending,0.821583836,0.25
113,1,untrained,41,1,1,1,0.6,1.4,ascending,0.821583836,0.25
113,1,untrained,42,1.1,0,1,0.6,1.4,ascending,0.821583836,0.25
113,1,untrained,43,1.2,0,1,0.6,1.4,ascending,0.821583836,0.25
113,1,untrained,44,1.3,0,1,0.6,1.4,ascending,0.821583836,0.25
113,1,untrained,45,1.4,0,1,0.6,1.4,ascending,0.821583836,0.25
113,1,untrained,46,1.4,0,1,1.4,0.6,descending,0.866025404,0.277777778
113,1,untrained,47,1.3,0,1,1.4,0.6,descending,0.866025404,0.277777778
113,1,untrained,48,1.2,0,1,1.4,0.6,descending,0.866025404,0.277777778
113,1,untrained,49,1.1,0,1,1.4,0.6,descending,0.866025404,0.277777778
113,1,untrained,50,1,0,0,1.4,0.6,descending,0.866025404,0.277777778
113,1,untrained,51,0.9,0,0,1.4,0.6,descending,0.866025404,0.277777778
113,1,untrained,52,0.8,0,0,1.4,0.6,descending,0.866025404,0.277777778
113,1,untrained,53,0.7,0,0,1.4,0.6,descending,0.866025404,0.277777778
113,1,untrained,54,0.6,0,0,1.4,0.6,descending,0.866025404,0.277777778
113,1,untrained,55,0.6,0,0,0.6,1.4,ascending,0.866025404,0.277777778
113,1,untrained,56,0.7,0,0,0.6,1.4,ascending,0.866025404,0.277777778
113,1,untrained,57,0.8,0,0,0.6,1.4,ascending,0.866025404,0.277777778
113,1,untrained,58,0.9,0,0,0.6,1.4,ascending,0.866025404,0.277777778
113,1,untrained,59,1,1,1,0.6,1.4,ascending,0.866025404,0.277777778
113,1,untrained,60,1.1,0,1,0.6,1.4,ascending,0.866025404,0.277777778
113,1,untrained,61,1.2,0,1,0.6,1.4,ascending,0.866025404,0.277777778
113,1,untrained,62,1.3,0,1,0.6,1.4,ascending,0.866025404,0.277777778
113,1,untrained,63,1.4,0,1,0.6,1.4,ascending,0.866025404,0.277777778
113,1,untrained,64,1.4,0,1,1.4,0.6,descending,0.730296743,0.25
113,1,untrained,65,1.3,0,1,1.4,0.6,descending,0.730296743,0.25
113,1,untrained,66,1.2,0,1,1.4,0.6,descending,0.730296743,0.25
113,1,untrained,67,1.1,0,1,1.4,0.6,descending,0.730296743,0.25
113,1,untrained,68,1,1,1,1.4,0.6,descending,0.730296743,0.25
113,1,untrained,69,0.9,0,0,1.4,0.6,descending,0.730296743,0.25
113,1,untrained,70,0.8,1,1,1.4,0.6,descending,0.730296743,0.25
113,1,untrained,71,0.7,0,0,1.4,0.6,descending,0.730296743,0.25
113,1,untrained,72,0.6,0,0,1.4,0.6,descending,0.730296743,0.25
113,2,trained,1,1.4,0,1,1.4,0.6,descending,0.866025404,0.277777778
113,2,trained,2,1.3,0,1,1.4,0.6,descending,0.866025404,0.277777778
113,2,trained,3,1.2,0,1,1.4,0.6,descending,0.866025404,0.277777778
113,2,trained,4,1.1,0,1,1.4,0.6,descending,0.866025404,0.277777778
113,2,trained,5,1,1,1,1.4,0.6,descending,0.866025404,0.277777778
113,2,trained,6,0.9,0,0,1.4,0.6,descending,0.866025404,0.277777778
113,2,trained,7,0.8,0,0,1.4,0.6,descending,0.866025404,0.277777778
113,2,trained,8,0.7,0,0,1.4,0.6,descending,0.866025404,0.277777778
113,2,trained,9,0.6,0,0,1.4,0.6,descending,0.866025404,0.277777778
113,2,trained,10,0.6,0,0,0.6,1.4,ascending,0.821583836,0.25
113,2,trained,11,0.7,0,0,0.6,1.4,ascending,0.821583836,0.25
113,2,trained,12,0.8,0,0,0.6,1.4,ascending,0.821583836,0.25
113,2,trained,13,0.9,1,1,0.6,1.4,ascending,0.821583836,0.25
113,2,trained,14,1,1,1,0.6,1.4,ascending,0.821583836,0.25
113,2,trained,15,1.1,0,1,0.6,1.4,ascending,0.821583836,0.25
113,2,trained,16,1.2,0,1,0.6,1.4,ascending,0.821583836,0.25
113,2,trained,17,1.3,0,1,0.6,1.4,ascending,0.821583836,0.25
113,2,trained,18,1.4,0,1,0.6,1.4,ascending,0.821583836,0.25
113,2,trained,19,1.4,0,1,1.4,0.6,descending,0.866025404,0.277777778
113,2,trained,20,1.3,0,1,1.4,0.6,descending,0.866025404,0.277777778
113,2,trained,21,1.2,0,1,1.4,0.6,descending,0.866025404,0.277777778
113,2,trained,22,1.1,0,1,1.4,0.6,descending,0.866025404,0.277777778
113,2,trained,23,1,0,0,1.4,0.6,descending,0.866025404,0.277777778
113,2,trained,24,0.9,0,0,1.4,0.6,descending,0.866025404,0.277777778
113,2,trained,25,0.8,0,0,1.4,0.6,descending,0.866025404,0.277777778
113,2,trained,26,0.7,0,0,1.4,0.6,descending,0.866025404,0.277777778
113,2,trained,27,0.6,0,0,1.4,0.6,descending,0.866025404,0.277777778
113,2,trained,28,0.6,0,0,0.6,1.4,ascending,0.866025404,0.277777778
113,2,trained,29,0.7,0,0,0.6,1.4,ascending,0.866025404,0.277777778
113,2,trained,30,0.8,0,0,0.6,1.4,ascending,0.866025404,0.277777778
113,2,trained,31,0.9,0,0,0.6,1.4,ascending,0.866025404,0.277777778
113,2,trained,32,1,1,1,0.6,1.4,ascending,0.866025404,0.277777778
113,2,trained,33,1.1,0,1,0.6,1.4,ascending,0.866025404,0.277777778
113,2,trained,34,1.2,0,1,0.6,1.4,ascending,0.866025404,0.277777778
113,2,trained,35,1.3,0,1,0.6,1.4,ascending,0.866025404,0.277777778
113,2,trained,36,1.4,0,1,0.6,1.4,ascending,0.866025404,0.277777778
113,2,trained,37,1.4,0,1,1.4,0.6,descending,0.866025404,0.277777778
113,2,trained,38,1.3,0,1,1.4,0.6,descending,0.866025404,0.277777778
113,2,trained,39,1.2,0,1,1.4,0.6,descending,0.866025404,0.277777778
113,2,trained,40,1.1,0,1,1.4,0.6,descending,0.866025404,0.277777778
113,2,trained,41,1,1,1,1.4,0.6,descending,0.866025404,0.277777778
113,2,trained,42,0.9,0,0,1.4,0.6,descending,0.866025404,0.277777778
113,2,trained,43,0.8,0,0,1.4,0.6,descending,0.866025404,0.277777778
113,2,trained,44,0.7,0,0,1.4,0.6,descending,0.866025404,0.277777778
113,2,trained,45,0.6,0,0,1.4,0.6,descending,0.866025404,0.277777778
113,2,trained,46,0.6,0,0,0.6,1.4,ascending,0.866025404,0.277777778
113,2,trained,47,0.7,0,0,0.6,1.4,ascending,0.866025404,0.277777778
113,2,trained,48,0.8,0,0,0.6,1.4,ascending,0.866025404,0.277777778
113,2,trained,49,0.9,0,0,0.6,1.4,ascending,0.866025404,0.277777778
113,2,trained,50,1,1,1,0.6,1.4,ascending,0.866025404,0.277777778
113,2,trained,51,1.1,0,1,0.6,1.4,ascending,0.866025404,0.277777778
113,2,trained,52,1.2,0,1,0.6,1.4,ascending,0.866025404,0.277777778
113,2,trained,53,1.3,0,1,0.6,1.4,ascending,0.866025404,0.277777778
113,2,trained,54,1.4,0,1,0.6,1.4,ascending,0.866025404,0.277777778
113,2,trained,55,1.4,0,1,1.4,0.6,descending,0.866025404,0.277777778
113,2,trained,56,1.3,0,1,1.4,0.6,descending,0.866025404,0.277777778
113,2,trained,57,1.2,0,1,1.4,0.6,descending,0.866025404,0.277777778
113,2,trained,58,1.1,0,1,1.4,0.6,descending,0.866025404,0.277777778
113,2,trained,59,1,1,1,1.4,0.6,descending,0.866025404,0.277777778
113,2,trained,60,0.9,0,0,1.4,0.6,descending,0.866025404,0.277777778
113,2,trained,61,0.8,0,0,1.4,0.6,descending,0.866025404,0.277777778
113,2,trained,62,0.7,0,0,1.4,0.6,descending,0.866025404,0.277777778
113,2,trained,63,0.6,0,0,1.4,0.6,descending,0.866025404,0.277777778
113,2,trained,64,0.6,0,0,0.6,1.4,ascending,0.821583836,0.25
113,2,trained,65,0.7,0,0,0.6,1.4,ascending,0.821583836,0.25
113,2,trained,66,0.8,0,0,0.6,1.4,ascending,0.821583836,0.25
113,2,trained,67,0.9,1,1,0.6,1.4,ascending,0.821583836,0.25
113,2,trained,68,1,1,1,0.6,1.4,ascending,0.821583836,0.25
113,2,trained,69,1.1,0,1,0.6,1.4,ascending,0.821583836,0.25
113,2,trained,70,1.2,0,1,0.6,1.4,ascending,0.821583836,0.25
113,2,trained,71,1.3,0,1,0.6,1.4,ascending,0.821583836,0.25
113,2,trained,72,1.4,0,1,0.6,1.4,ascending,0.821583836,0.25
114,1,trained,1,0.6,0,0,0.6,1.4,ascending,0.866025404,0.277777778
114,1,trained,2,0.7,0,0,0.6,1.4,ascending,0.866025404,0.277777778
114,1,trained,3,0.8,0,0,0.6,1.4,ascending,0.866025404,0.277777778
114,1,trained,4,0.9,0,0,0.6,1.4,ascending,0.866025404,0.277777778
114,1,trained,5,1,1,1,0.6,1.4,ascending,0.866025404,0.277777778
114,1,trained,6,1.1,0,1,0.6,1.4,ascending,0.866025404,0.277777778
114,1,trained,7,1.2,0,1,0.6,1.4,ascending,0.866025404,0.277777778
114,1,trained,8,1.3,0,1,0.6,1.4,ascending,0.866025404,0.277777778
114,1,trained,9,1.4,0,1,0.6,1.4,ascending,0.866025404,0.277777778
114,1,trained,10,1.4,0,1,1.4,0.6,descending,0.692820323,0.277777778
114,1,trained,11,1.3,0,1,1.4,0.6,descending,0.692820323,0.277777778
114,1,trained,12,1.2,0,1,1.4,0.6,descending,0.692820323,0.277777778
114,1,trained,13,1.1,1,0,1.4,0.6,descending,0.692820323,0.277777778
114,1,trained,14,1,1,1,1.4,0.6,descending,0.692820323,0.277777778
114,1,trained,15,0.9,1,1,1.4,0.6,descending,0.692820323,0.277777778
114,1,trained,16,0.8,0,0,1.4,0.6,descending,0.692820323,0.277777778
114,1,trained,17,0.7,0,0,1.4,0.6,descending,0.692820323,0.277777778
114,1,trained,18,0.6,0,0,1.4,0.6,descending,0.692820323,0.277777778
114,1,trained,19,0.6,0,0,0.6,1.4,ascending,0.821583836,0.25
114,1,trained,20,0.7,0,0,0.6,1.4,ascending,0.821583836,0.25
114,1,trained,21,0.8,0,0,0.6,1.4,ascending,0.821583836,0.25
114,1,trained,22,0.9,1,1,0.6,1.4,ascending,0.821583836,0.25
114,1,trained,23,1,1,1,0.6,1.4,ascending,0.821583836,0.25
114,1,trained,24,1.1,0,1,0.6,1.4,ascending,0.821583836,0.25
114,1,trained,25,1.2,0,1,0.6,1.4,ascending,0.821583836,0.25
114,1,trained,26,1.3,0,1,0.6,1.4,ascending,0.821583836,0.25
114,1,trained,27,1.4,0,1,0.6,1.4,ascending,0.821583836,0.25
114,1,trained,28,1.4,0,1,1.4,0.6,descending,0.519615242,0.277777778
114,1,trained,29,1.3,0,1,1.4,0.6,descending,0.519615242,0.277777778
114,1,trained,30,1.2,0,1,1.4,0.6,descending,0.519615242,0.277777778
114,1,trained,31,1.1,1,0,1.4,0.6,descending,0.519615242,0.277777778
114,1,trained,32,1,1,1,1.4,0.6,descending,0.519615242,0.277777778
114,1,trained,33,0.9,0,0,1.4,0.6,descending,0.519615242,0.277777778
114,1,trained,34,0.8,0,0,1.4,0.6,descending,0.519615242,0.277777778
114,1,trained,35,0.7,1,1,1.4,0.6,descending,0.519615242,0.277777778
114,1,trained,36,0.6,0,0,1.4,0.6,descending,0.519615242,0.277777778
114,1,trained,37,0.6,0,0,0.6,1.4,ascending,0.724568837,0.194444444
114,1,trained,38,0.7,0,0,0.6,1.4,ascending,0.724568837,0.194444444
114,1,trained,39,0.8,1,1,0.6,1.4,ascending,0.724568837,0.194444444
114,1,trained,40,0.9,1,1,0.6,1.4,ascending,0.724568837,0.194444444
114,1,trained,41,1,1,1,0.6,1.4,ascending,0.724568837,0.194444444
114,1,trained,42,1.1,0,1,0.6,1.4,ascending,0.724568837,0.194444444
114,1,trained,43,1.2,0,1,0.6,1.4,ascending,0.724568837,0.194444444
114,1,trained,44,1.3,0,1,0.6,1.4,ascending,0.724568837,0.194444444
114,1,trained,45,1.4,0,1,0.6,1.4,ascending,0.724568837,0.194444444
114,1,trained,46,1.4,0,1,1.4,0.6,descending,0.547722558,0.111111111
114,1,trained,47,1.3,0,1,1.4,0.6,descending,0.547722558,0.111111111
114,1,trained,48,1.2,0,1,1.4,0.6,descending,0.547722558,0.111111111
114,1,trained,49,1.1,0,1,1.4,0.6,descending,0.547722558,0.111111111
114,1,trained,50,1,1,1,1.4,0.6,descending,0.547722558,0.111111111
114,1,trained,51,0.9,1,1,1.4,0.6,descending,0.547722558,0.111111111
114,1,trained,52,0.8,1,1,1.4,0.6,descending,0.547722558,0.111111111
114,1,trained,53,0.7,1,1,1.4,0.6,descending,0.547722558,0.111111111
114,1,trained,54,0.6,0,0,1.4,0.6,descending,0.547722558,0.111111111
114,1,trained,55,0.6,0,0,0.6,1.4,ascending,0.730296743,0.25
114,1,trained,56,0.7,0,0,0.6,1.4,ascending,0.730296743,0.25
114,1,trained,57,0.8,1,1,0.6,1.4,ascending,0.730296743,0.25
114,1,trained,58,0.9,0,0,0.6,1.4,ascending,0.730296743,0.25
114,1,trained,59,1,1,1,0.6,1.4,ascending,0.730296743,0.25
114,1,trained,60,1.1,0,1,0.6,1.4,ascending,0.730296743,0.25
114,1,trained,61,1.2,0,1,0.6,1.4,ascending,0.730296743,0.25
114,1,trained,62,1.3,0,1,0.6,1.4,ascending,0.730296743,0.25
114,1,trained,63,1.4,0,1,0.6,1.4,ascending,0.730296743,0.25
114,1,trained,64,1.4,0,1,1.4,0.6,descending,0.866025404,0.277777778
114,1,trained,65,1.3,0,1,1.4,0.6,descending,0.866025404,0.277777778
114,1,trained,66,1.2,0,1,1.4,0.6,descending,0.866025404,0.277777778
114,1,trained,67,1.1,0,1,1.4,0.6,descending,0.866025404,0.277777778
114,1,trained,68,1,1,1,1.4,0.6,descending,0.866025404,0.277777778
114,1,trained,69,0.9,0,0,1.4,0.6,descending,0.866025404,0.277777778
114,1,trained,70,0.8,0,0,1.4,0.6,descending,0.866025404,0.277777778
114,1,trained,71,0.7,0,0,1.4,0.6,descending,0.866025404,0.277777778
114,1,trained,72,0.6,0,0,1.4,0.6,descending,0.866025404,0.277777778
114,2,untrained,1,1.4,1,0,1.4,0.6,descending,0.456435465,0.25
114,2,untrained,2,1.3,0,1,1.4,0.6,descending,0.456435465,0.25
114,2,untrained,3,1.2,0,1,1.4,0.6,descending,0.456435465,0.25
114,2,untrained,4,1.1,1,0,1.4,0.6,descending,0.456435465,0.25
114,2,untrained,5,1,1,1,1.4,0.6,descending,0.456435465,0.25
114,2,untrained,6,0.9,0,0,1.4,0.6,descending,0.456435465,0.25
114,2,untrained,7,0.8,0,0,1.4,0.6,descending,0.456435465,0.25
114,2,untrained,8,0.7,0,0,1.4,0.6,descending,0.456435465,0.25
114,2,untrained,9,0.6,0,0,1.4,0.6,descending,0.456435465,0.25
114,2,untrained,10,0.6,0,0,0.6,1.4,ascending,0.779422863,0.277777778
114,2,untrained,11,0.7,0,0,0.6,1.4,ascending,0.779422863,0.277777778
114,2,untrained,12,0.8,0,0,0.6,1.4,ascending,0.779422863,0.277777778
114,2,untrained,13,0.9,0,0,0.6,1.4,ascending,0.779422863,0.277777778
114,2,untrained,14,1,1,1,0.6,1.4,ascending,0.779422863,0.277777778
114,2,untrained,15,1.1,1,0,0.6,1.4,ascending,0.779422863,0.277777778
114,2,untrained,16,1.2,0,1,0.6,1.4,ascending,0.779422863,0.277777778
114,2,untrained,17,1.3,0,1,0.6,1.4,ascending,0.779422863,0.277777778
114,2,untrained,18,1.4,0,1,0.6,1.4,ascending,0.779422863,0.277777778
114,2,untrained,19,1.4,0,1,1.4,0.6,descending,0.547722558,0.25
114,2,untrained,20,1.3,0,1,1.4,0.6,descending,0.547722558,0.25
114,2,untrained,21,1.2,1,0,1.4,0.6,descending,0.547722558,0.25
114,2,untrained,22,1.1,1,0,1.4,0.6,descending,0.547722558,0.25
114,2,untrained,23,1,0,0,1.4,0.6,descending,0.547722558,0.25
114,2,untrained,24,0.9,1,1,1.4,0.6,descending,0.547722558,0.25
114,2,untrained,25,0.8,0,0,1.4,0.6,descending,0.547722558,0.25
114,2,untrained,26,0.7,0,0,1.4,0.6,descending,0.547722558,0.25
114,2,untrained,27,0.6,0,0,1.4,0.6,descending,0.547722558,0.25
114,2,untrained,28,0.6,0,0,0.6,1.4,ascending,0.866025404,0.277777778
114,2,untrained,29,0.7,0,0,0.6,1.4,ascending,0.866025404,0.277777778
114,2,untrained,30,0.8,0,0,0.6,1.4,ascending,0.866025404,0.277777778
114,2,untrained,31,0.9,0,0,0.6,1.4,ascending,0.866025404,0.277777778
114,2,untrained,32,1,1,1,0.6,1.4,ascending,0.866025404,0.277777778
114,2,untrained,33,1.1,0,1,0.6,1.4,ascending,0.866025404,0.277777778
114,2,untrained,34,1.2,0,1,0.6,1.4,ascending,0.866025404,0.277777778
114,2,untrained,35,1.3,0,1,0.6,1.4,ascending,0.866025404,0.277777778
114,2,untrained,36,1.4,0,1,0.6,1.4,ascending,0.866025404,0.277777778
114,2,untrained,55,1.4,0,1,1.4,0.6,descending,0.821583836,0.25
114,2,untrained,56,1.3,0,1,1.4,0.6,descending,0.821583836,0.25
114,2,untrained,57,1.2,0,1,1.4,0.6,descending,0.821583836,0.25
114,2,untrained,58,1.1,0,1,1.4,0.6,descending,0.821583836,0.25
114,2,untrained,59,1,1,1,1.4,0.6,descending,0.821583836,0.25
114,2,untrained,60,0.9,1,1,1.4,0.6,descending,0.821583836,0.25
114,2,untrained,61,0.8,0,0,1.4,0.6,descending,0.821583836,0.25
114,2,untrained,62,0.7,0,0,1.4,0.6,descending,0.821583836,0.25
114,2,untrained,63,0.6,0,0,1.4,0.6,descending,0.821583836,0.25
114,2,untrained,64,0.6,0,0,0.6,1.4,ascending,0.866025404,0.277777778
114,2,untrained,65,0.7,0,0,0.6,1.4,ascending,0.866025404,0.277777778
114,2,untrained,66,0.8,0,0,0.6,1.4,ascending,0.866025404,0.277777778
114,2,untrained,67,0.9,0,0,0.6,1.4,ascending,0.866025404,0.277777778
114,2,untrained,68,1,1,1,0.6,1.4,ascending,0.866025404,0.277777778
114,2,untrained,69,1.1,0,1,0.6,1.4,ascending,0.866025404,0.277777778
114,2,untrained,70,1.2,0,1,0.6,1.4,ascending,0.866025404,0.277777778
114,2,untrained,71,1.3,0,1,0.6,1.4,ascending,0.866025404,0.277777778
114,2,untrained,72,1.4,0,1,0.6,1.4,ascending,0.866025404,0.277777778
115,1,untrained,1,0.6,0,0,0.6,1.4,ascending,0.821583836,0.25
115,1,untrained,2,0.7,0,0,0.6,1.4,ascending,0.821583836,0.25
115,1,untrained,3,0.8,0,0,0.6,1.4,ascending,0.821583836,0.25
115,1,untrained,4,0.9,0,0,0.6,1.4,ascending,0.821583836,0.25
115,1,untrained,5,1,0,0,0.6,1.4,ascending,0.821583836,0.25
115,1,untrained,6,1.1,1,0,0.6,1.4,ascending,0.821583836,0.25
115,1,untrained,7,1.2,0,1,0.6,1.4,ascending,0.821583836,0.25
115,1,untrained,8,1.3,0,1,0.6,1.4,ascending,0.821583836,0.25
115,1,untrained,9,1.4,0,1,0.6,1.4,ascending,0.821583836,0.25
115,1,untrained,10,1.4,0,1,1.4,0.6,descending,0.866025404,0.277777778
115,1,untrained,11,1.3,0,1,1.4,0.6,descending,0.866025404,0.277777778
115,1,untrained,12,1.2,0,1,1.4,0.6,descending,0.866025404,0.277777778
115,1,untrained,13,1.1,0,1,1.4,0.6,descending,0.866025404,0.277777778
115,1,untrained,14,1,0,0,1.4,0.6,descending,0.866025404,0.277777778
115,1,untrained,15,0.9,0,0,1.4,0.6,descending,0.866025404,0.277777778
115,1,untrained,16,0.8,0,0,1.4,0.6,descending,0.866025404,0.277777778
115,1,untrained,17,0.7,0,0,1.4,0.6,descending,0.866025404,0.277777778
115,1,untrained,18,0.6,0,0,1.4,0.6,descending,0.866025404,0.277777778
115,1,untrained,19,0.6,0,0,0.6,1.4,ascending,0.866025404,0.277777778
115,1,untrained,20,0.7,0,0,0.6,1.4,ascending,0.866025404,0.277777778
115,1,untrained,21,0.8,0,0,0.6,1.4,ascending,0.866025404,0.277777778
115,1,untrained,22,0.9,0,0,0.6,1.4,ascending,0.866025404,0.277777778
115,1,untrained,23,1,1,1,0.6,1.4,ascending,0.866025404,0.277777778
115,1,untrained,24,1.1,0,1,0.6,1.4,ascending,0.866025404,0.277777778
115,1,untrained,25,1.2,0,1,0.6,1.4,ascending,0.866025404,0.277777778
115,1,untrained,26,1.3,0,1,0.6,1.4,ascending,0.866025404,0.277777778
115,1,untrained,27,1.4,0,1,0.6,1.4,ascending,0.866025404,0.277777778
115,1,untrained,28,1.4,0,1,1.4,0.6,descending,0.821583836,0.25
115,1,untrained,29,1.3,0,1,1.4,0.6,descending,0.821583836,0.25
115,1,untrained,30,1.2,0,1,1.4,0.6,descending,0.821583836,0.25
115,1,untrained,31,1.1,1,0,1.4,0.6,descending,0.821583836,0.25
115,1,untrained,32,1,0,0,1.4,0.6,descending,0.821583836,0.25
115,1,untrained,33,0.9,0,0,1.4,0.6,descending,0.821583836,0.25
115,1,untrained,34,0.8,0,0,1.4,0.6,descending,0.821583836,0.25
115,1,untrained,35,0.7,0,0,1.4,0.6,descending,0.821583836,0.25
115,1,untrained,36,0.6,0,0,1.4,0.6,descending,0.821583836,0.25
115,1,untrained,37,0.6,0,0,0.6,1.4,ascending,0.821583836,0.25
115,1,untrained,38,0.7,0,0,0.6,1.4,ascending,0.821583836,0.25
115,1,untrained,39,0.8,0,0,0.6,1.4,ascending,0.821583836,0.25
115,1,untrained,40,0.9,1,1,0.6,1.4,ascending,0.821583836,0.25
115,1,untrained,41,1,1,1,0.6,1.4,ascending,0.821583836,0.25
115,1,untrained,42,1.1,0,1,0.6,1.4,ascending,0.821583836,0.25
115,1,untrained,43,1.2,0,1,0.6,1.4,ascending,0.821583836,0.25
115,1,untrained,44,1.3,0,1,0.6,1.4,ascending,0.821583836,0.25
115,1,untrained,45,1.4,0,1,0.6,1.4,ascending,0.821583836,0.25
115,1,untrained,46,1.4,0,1,1.4,0.6,descending,0.866025404,0.277777778
115,1,untrained,47,1.3,0,1,1.4,0.6,descending,0.866025404,0.277777778
115,1,untrained,48,1.2,0,1,1.4,0.6,descending,0.866025404,0.277777778
115,1,untrained,49,1.1,0,1,1.4,0.6,descending,0.866025404,0.277777778
115,1,untrained,50,1,1,1,1.4,0.6,descending,0.866025404,0.277777778
115,1,untrained,51,0.9,0,0,1.4,0.6,descending,0.866025404,0.277777778
115,1,untrained,52,0.8,0,0,1.4,0.6,descending,0.866025404,0.277777778
115,1,untrained,53,0.7,0,0,1.4,0.6,descending,0.866025404,0.277777778
115,1,untrained,54,0.6,0,0,1.4,0.6,descending,0.866025404,0.277777778
115,1,untrained,55,0.6,0,0,0.6,1.4,ascending,0.866025404,0.277777778
115,1,untrained,56,0.7,0,0,0.6,1.4,ascending,0.866025404,0.277777778
115,1,untrained,57,0.8,0,0,0.6,1.4,ascending,0.866025404,0.277777778
115,1,untrained,58,0.9,0,0,0.6,1.4,ascending,0.866025404,0.277777778
115,1,untrained,59,1,1,1,0.6,1.4,ascending,0.866025404,0.277777778
115,1,untrained,60,1.1,0,1,0.6,1.4,ascending,0.866025404,0.277777778
115,1,untrained,61,1.2,0,1,0.6,1.4,ascending,0.866025404,0.277777778
115,1,untrained,62,1.3,0,1,0.6,1.4,ascending,0.866025404,0.277777778
115,1,untrained,63,1.4,0,1,0.6,1.4,ascending,0.866025404,0.277777778
115,1,untrained,64,1.4,0,1,1.4,0.6,descending,0.866025404,0.277777778
115,1,untrained,65,1.3,0,1,1.4,0.6,descending,0.866025404,0.277777778
115,1,untrained,66,1.2,0,1,1.4,0.6,descending,0.866025404,0.277777778
115,1,untrained,67,1.1,0,1,1.4,0.6,descending,0.866025404,0.277777778
115,1,untrained,68,1,1,1,1.4,0.6,descending,0.866025404,0.277777778
115,1,untrained,69,0.9,0,0,1.4,0.6,descending,0.866025404,0.277777778
115,1,untrained,70,0.8,0,0,1.4,0.6,descending,0.866025404,0.277777778
115,1,untrained,71,0.7,0,0,1.4,0.6,descending,0.866025404,0.277777778
115,1,untrained,72,0.6,0,0,1.4,0.6,descending,0.866025404,0.277777778
115,2,trained,1,1.4,0,1,1.4,0.6,descending,0.866025404,0.277777778
115,2,trained,2,1.3,0,1,1.4,0.6,descending,0.866025404,0.277777778
115,2,trained,3,1.2,0,1,1.4,0.6,descending,0.866025404,0.277777778
115,2,trained,4,1.1,0,1,1.4,0.6,descending,0.866025404,0.277777778
115,2,trained,5,1,1,1,1.4,0.6,descending,0.866025404,0.277777778
115,2,trained,6,0.9,0,0,1.4,0.6,descending,0.866025404,0.277777778
115,2,trained,7,0.8,0,0,1.4,0.6,descending,0.866025404,0.277777778
115,2,trained,8,0.7,0,0,1.4,0.6,descending,0.866025404,0.277777778
115,2,trained,9,0.6,0,0,1.4,0.6,descending,0.866025404,0.277777778
115,2,trained,10,0.6,0,0,0.6,1.4,ascending,0.866025404,0.277777778
115,2,trained,11,0.7,0,0,0.6,1.4,ascending,0.866025404,0.277777778
115,2,trained,12,0.8,0,0,0.6,1.4,ascending,0.866025404,0.277777778
115,2,trained,13,0.9,0,0,0.6,1.4,ascending,0.866025404,0.277777778
115,2,trained,14,1,0,0,0.6,1.4,ascending,0.866025404,0.277777778
115,2,trained,15,1.1,0,1,0.6,1.4,ascending,0.866025404,0.277777778
115,2,trained,16,1.2,0,1,0.6,1.4,ascending,0.866025404,0.277777778
115,2,trained,17,1.3,0,1,0.6,1.4,ascending,0.866025404,0.277777778
115,2,trained,18,1.4,0,1,0.6,1.4,ascending,0.866025404,0.277777778
115,2,trained,19,1.4,0,1,1.4,0.6,descending,0.866025404,0.277777778
115,2,trained,20,1.3,0,1,1.4,0.6,descending,0.866025404,0.277777778
115,2,trained,21,1.2,0,1,1.4,0.6,descending,0.866025404,0.277777778
115,2,trained,22,1.1,0,1,1.4,0.6,descending,0.866025404,0.277777778
115,2,trained,23,1,0,0,1.4,0.6,descending,0.866025404,0.277777778
115,2,trained,24,0.9,0,0,1.4,0.6,descending,0.866025404,0.277777778
115,2,trained,25,0.8,0,0,1.4,0.6,descending,0.866025404,0.277777778
115,2,trained,26,0.7,0,0,1.4,0.6,descending,0.866025404,0.277777778
115,2,trained,27,0.6,0,0,1.4,0.6,descending,0.866025404,0.277777778
115,2,trained,28,0.6,0,0,0.6,1.4,ascending,0.866025404,0.277777778
115,2,trained,29,0.7,0,0,0.6,1.4,ascending,0.866025404,0.277777778
115,2,trained,30,0.8,0,0,0.6,1.4,ascending,0.866025404,0.277777778
115,2,trained,31,0.9,0,0,0.6,1.4,ascending,0.866025404,0.277777778
115,2,trained,32,1,1,1,0.6,1.4,ascending,0.866025404,0.277777778
115,2,trained,33,1.1,0,1,0.6,1.4,ascending,0.866025404,0.277777778
115,2,trained,34,1.2,0,1,0.6,1.4,ascending,0.866025404,0.277777778
115,2,trained,35,1.3,0,1,0.6,1.4,ascending,0.866025404,0.277777778
115,2,trained,36,1.4,0,1,0.6,1.4,ascending,0.866025404,0.277777778
115,2,trained,37,1.4,0,1,1.4,0.6,descending,0.866025404,0.277777778
115,2,trained,38,1.3,0,1,1.4,0.6,descending,0.866025404,0.277777778
115,2,trained,39,1.2,0,1,1.4,0.6,descending,0.866025404,0.277777778
115,2,trained,40,1.1,0,1,1.4,0.6,descending,0.866025404,0.277777778
115,2,trained,41,1,1,1,1.4,0.6,descending,0.866025404,0.277777778
115,2,trained,42,0.9,0,0,1.4,0.6,descending,0.866025404,0.277777778
115,2,trained,43,0.8,0,0,1.4,0.6,descending,0.866025404,0.277777778
115,2,trained,44,0.7,0,0,1.4,0.6,descending,0.866025404,0.277777778
115,2,trained,45,0.6,0,0,1.4,0.6,descending,0.866025404,0.277777778
115,2,trained,46,0.6,0,0,0.6,1.4,ascending,0.821583836,0.25
115,2,trained,47,0.7,0,0,0.6,1.4,ascending,0.821583836,0.25
115,2,trained,48,0.8,0,0,0.6,1.4,ascending,0.821583836,0.25
115,2,trained,49,0.9,1,1,0.6,1.4,ascending,0.821583836,0.25
115,2,trained,50,1,1,1,0.6,1.4,ascending,0.821583836,0.25
115,2,trained,51,1.1,0,1,0.6,1.4,ascending,0.821583836,0.25
115,2,trained,52,1.2,0,1,0.6,1.4,ascending,0.821583836,0.25
115,2,trained,53,1.3,0,1,0.6,1.4,ascending,0.821583836,0.25
115,2,trained,54,1.4,0,1,0.6,1.4,ascending,0.821583836,0.25
115,2,trained,55,1.4,0,1,1.4,0.6,descending,0.779422863,0.277777778
115,2,trained,56,1.3,0,1,1.4,0.6,descending,0.779422863,0.277777778
115,2,trained,57,1.2,0,1,1.4,0.6,descending,0.779422863,0.277777778
115,2,trained,58,1.1,0,1,1.4,0.6,descending,0.779422863,0.277777778
115,2,trained,59,1,0,0,1.4,0.6,descending,0.779422863,0.277777778
115,2,trained,60,0.9,1,1,1.4,0.6,descending,0.779422863,0.277777778
115,2,trained,61,0.8,0,0,1.4,0.6,descending,0.779422863,0.277777778
115,2,trained,62,0.7,0,0,1.4,0.6,descending,0.779422863,0.277777778
115,2,trained,63,0.6,0,0,1.4,0.6,descending,0.779422863,0.277777778
115,2,trained,64,0.6,0,0,0.6,1.4,ascending,0.866025404,0.277777778
115,2,trained,65,0.7,0,0,0.6,1.4,ascending,0.866025404,0.277777778
115,2,trained,66,0.8,0,0,0.6,1.4,ascending,0.866025404,0.277777778
115,2,trained,67,0.9,0,0,0.6,1.4,ascending,0.866025404,0.277777778
115,2,trained,68,1,1,1,0.6,1.4,ascending,0.866025404,0.277777778
115,2,trained,69,1.1,0,1,0.6,1.4,ascending,0.866025404,0.277777778
115,2,trained,70,1.2,0,1,0.6,1.4,ascending,0.866025404,0.277777778
115,2,trained,71,1.3,0,1,0.6,1.4,ascending,0.866025404,0.277777778
115,2,trained,72,1.4,0,1,0.6,1.4,ascending,0.866025404,0.277777778
116,1,trained,1,0.6,0,0,0.6,1.4,ascending,0.547722558,0.111111111
116,1,trained,2,0.7,1,1,0.6,1.4,ascending,0.547722558,0.111111111
116,1,trained,3,0.8,1,1,0.6,1.4,ascending,0.547722558,0.111111111
116,1,trained,4,0.9,1,1,0.6,1.4,ascending,0.547722558,0.111111111
116,1,trained,5,1,1,1,0.6,1.4,ascending,0.547722558,0.111111111
116,1,trained,6,1.1,0,1,0.6,1.4,ascending,0.547722558,0.111111111
116,1,trained,7,1.2,0,1,0.6,1.4,ascending,0.547722558,0.111111111
116,1,trained,8,1.3,0,1,0.6,1.4,ascending,0.547722558,0.111111111
116,1,trained,9,1.4,0,1,0.6,1.4,ascending,0.547722558,0.111111111
116,1,trained,10,1.4,0,1,1.4,0.6,descending,0.547722558,0.111111111
116,1,trained,11,1.3,0,1,1.4,0.6,descending,0.547722558,0.111111111
116,1,trained,12,1.2,0,1,1.4,0.6,descending,0.547722558,0.111111111
116,1,trained,13,1.1,0,1,1.4,0.6,descending,0.547722558,0.111111111
116,1,trained,14,1,1,1,1.4,0.6,descending,0.547722558,0.111111111
116,1,trained,15,0.9,1,1,1.4,0.6,descending,0.547722558,0.111111111
116,1,trained,16,0.8,1,1,1.4,0.6,descending,0.547722558,0.111111111
116,1,trained,17,0.7,1,1,1.4,0.6,descending,0.547722558,0.111111111
116,1,trained,18,0.6,0,0,1.4,0.6,descending,0.547722558,0.111111111
116,1,trained,19,0.6,0,0,0.6,1.4,ascending,0.547722558,0.111111111
116,1,trained,20,0.7,1,1,0.6,1.4,ascending,0.547722558,0.111111111
116,1,trained,21,0.8,1,1,0.6,1.4,ascending,0.547722558,0.111111111
116,1,trained,22,0.9,1,1,0.6,1.4,ascending,0.547722558,0.111111111
116,1,trained,23,1,1,1,0.6,1.4,ascending,0.547722558,0.111111111
116,1,trained,24,1.1,0,1,0.6,1.4,ascending,0.547722558,0.111111111
116,1,trained,25,1.2,0,1,0.6,1.4,ascending,0.547722558,0.111111111
116,1,trained,26,1.3,0,1,0.6,1.4,ascending,0.547722558,0.111111111
116,1,trained,27,1.4,0,1,0.6,1.4,ascending,0.547722558,0.111111111
116,1,trained,46,1.4,0,1,1.4,0.6,descending,0.547722558,0.111111111
116,1,trained,47,1.3,0,1,1.4,0.6,descending,0.547722558,0.111111111
116,1,trained,48,1.2,0,1,1.4,0.6,descending,0.547722558,0.111111111
116,1,trained,49,1.1,0,1,1.4,0.6,descending,0.547722558,0.111111111
116,1,trained,50,1,1,1,1.4,0.6,descending,0.547722558,0.111111111
116,1,trained,51,0.9,1,1,1.4,0.6,descending,0.547722558,0.111111111
116,1,trained,52,0.8,1,1,1.4,0.6,descending,0.547722558,0.111111111
116,1,trained,53,0.7,1,1,1.4,0.6,descending,0.547722558,0.111111111
116,1,trained,54,0.6,0,0,1.4,0.6,descending,0.547722558,0.111111111
116,1,trained,55,0.6,0,0,0.6,1.4,ascending,0.547722558,0.111111111
116,1,trained,56,0.7,1,1,0.6,1.4,ascending,0.547722558,0.111111111
116,1,trained,57,0.8,1,1,0.6,1.4,ascending,0.547722558,0.111111111
116,1,trained,58,0.9,1,1,0.6,1.4,ascending,0.547722558,0.111111111
116,1,trained,59,1,1,1,0.6,1.4,ascending,0.547722558,0.111111111
116,1,trained,60,1.1,0,1,0.6,1.4,ascending,0.547722558,0.111111111
116,1,trained,61,1.2,0,1,0.6,1.4,ascending,0.547722558,0.111111111
116,1,trained,62,1.3,0,1,0.6,1.4,ascending,0.547722558,0.111111111
116,1,trained,63,1.4,0,1,0.6,1.4,ascending,0.547722558,0.111111111
116,2,untrained,10,0.6,0,0,0.6,1.4,ascending,0.866025404,0.277777778
116,2,untrained,11,0.7,0,0,0.6,1.4,ascending,0.866025404,0.277777778
116,2,untrained,12,0.8,0,0,0.6,1.4,ascending,0.866025404,0.277777778
116,2,untrained,13,0.9,0,0,0.6,1.4,ascending,0.866025404,0.277777778
116,2,untrained,14,1,1,1,0.6,1.4,ascending,0.866025404,0.277777778
116,2,untrained,15,1.1,0,1,0.6,1.4,ascending,0.866025404,0.277777778
116,2,untrained,16,1.2,0,1,0.6,1.4,ascending,0.866025404,0.277777778
116,2,untrained,17,1.3,0,1,0.6,1.4,ascending,0.866025404,0.277777778
116,2,untrained,18,1.4,0,1,0.6,1.4,ascending,0.866025404,0.277777778
116,2,untrained,19,1.4,0,1,1.4,0.6,descending,0.547722558,0.25
116,2,untrained,20,1.3,1,0,1.4,0.6,descending,0.547722558,0.25
116,2,untrained,21,1.2,0,1,1.4,0.6,descending,0.547722558,0.25
116,2,untrained,22,1.1,1,0,1.4,0.6,descending,0.547722558,0.25
116,2,untrained,23,1,1,1,1.4,0.6,descending,0.547722558,0.25
116,2,untrained,24,0.9,0,0,1.4,0.6,descending,0.547722558,0.25
116,2,untrained,25,0.8,0,0,1.4,0.6,descending,0.547722558,0.25
116,2,untrained,26,0.7,0,0,1.4,0.6,descending,0.547722558,0.25
116,2,untrained,27,0.6,0,0,1.4,0.6,descending,0.547722558,0.25
116,2,untrained,28,0.6,1,1,0.6,1.4,ascending,0.519615242,0.277777778
116,2,untrained,29,0.7,0,0,0.6,1.4,ascending,0.519615242,0.277777778
116,2,untrained,30,0.8,0,0,0.6,1.4,ascending,0.519615242,0.277777778
116,2,untrained,31,0.9,0,0,0.6,1.4,ascending,0.519615242,0.277777778
116,2,untrained,32,1,0,0,0.6,1.4,ascending,0.519615242,0.277777778
116,2,untrained,33,1.1,0,1,0.6,1.4,ascending,0.519615242,0.277777778
116,2,untrained,34,1.2,0,1,0.6,1.4,ascending,0.519615242,0.277777778
116,2,untrained,35,1.3,0,1,0.6,1.4,ascending,0.519615242,0.277777778
116,2,untrained,36,1.4,0,1,0.6,1.4,ascending,0.519615242,0.277777778
116,2,untrained,55,1.4,0,1,1.4,0.6,descending,0.724568837,0.194444444
116,2,untrained,56,1.3,0,1,1.4,0.6,descending,0.724568837,0.194444444
116,2,untrained,57,1.2,0,1,1.4,0.6,descending,0.724568837,0.194444444
116,2,untrained,58,1.1,0,1,1.4,0.6,descending,0.724568837,0.194444444
116,2,untrained,59,1,1,1,1.4,0.6,descending,0.724568837,0.194444444
116,2,untrained,60,0.9,1,1,1.4,0.6,descending,0.724568837,0.194444444
116,2,untrained,61,0.8,1,1,1.4,0.6,descending,0.724568837,0.194444444
116,2,untrained,62,0.7,0,0,1.4,0.6,descending,0.724568837,0.194444444
116,2,untrained,63,0.6,0,0,1.4,0.6,descending,0.724568837,0.194444444
117,1,untrained,1,0.6,0,0,0.6,1.4,ascending,0.779422863,0.277777778
117,1,untrained,2,0.7,0,0,0.6,1.4,ascending,0.779422863,0.277777778
117,1,untrained,3,0.8,0,0,0.6,1.4,ascending,0.779422863,0.277777778
117,1,untrained,4,0.9,1,1,0.6,1.4,ascending,0.779422863,0.277777778
117,1,untrained,5,1,0,0,0.6,1.4,ascending,0.779422863,0.277777778
117,1,untrained,6,1.1,0,1,0.6,1.4,ascending,0.779422863,0.277777778
117,1,untrained,7,1.2,0,1,0.6,1.4,ascending,0.779422863,0.277777778
117,1,untrained,8,1.3,0,1,0.6,1.4,ascending,0.779422863,0.277777778
117,1,untrained,9,1.4,0,1,0.6,1.4,ascending,0.779422863,0.277777778
117,1,untrained,10,1.4,0,1,1.4,0.6,descending,0.621059003,0.194444444
117,1,untrained,11,1.3,1,0,1.4,0.6,descending,0.621059003,0.194444444
117,1,untrained,12,1.2,0,1,1.4,0.6,descending,0.621059003,0.194444444
117,1,untrained,13,1.1,1,0,1.4,0.6,descending,0.621059003,0.194444444
117,1,untrained,14,1,0,0,1.4,0.6,descending,0.621059003,0.194444444
117,1,untrained,15,0.9,0,0,1.4,0.6,descending,0.621059003,0.194444444
117,1,untrained,16,0.8,0,0,1.4,0.6,descending,0.621059003,0.194444444
117,1,untrained,17,0.7,0,0,1.4,0.6,descending,0.621059003,0.194444444
117,1,untrained,18,0.6,0,0,1.4,0.6,descending,0.621059003,0.194444444
117,1,untrained,19,0.6,0,0,0.6,1.4,ascending,0.730296743,0.25
117,1,untrained,20,0.7,0,0,0.6,1.4,ascending,0.730296743,0.25
117,1,untrained,21,0.8,0,0,0.6,1.4,ascending,0.730296743,0.25
117,1,untrained,22,0.9,0,0,0.6,1.4,ascending,0.730296743,0.25
117,1,untrained,23,1,0,0,0.6,1.4,ascending,0.730296743,0.25
117,1,untrained,24,1.1,0,1,0.6,1.4,ascending,0.730296743,0.25
117,1,untrained,25,1.2,1,0,0.6,1.4,ascending,0.730296743,0.25
117,1,untrained,26,1.3,0,1,0.6,1.4,ascending,0.730296743,0.25
117,1,untrained,27,1.4,0,1,0.6,1.4,ascending,0.730296743,0.25
117,1,untrained,28,1.4,0,1,1.4,0.6,descending,0.724568837,0.194444444
117,1,untrained,29,1.3,0,1,1.4,0.6,descending,0.724568837,0.194444444
117,1,untrained,30,1.2,0,1,1.4,0.6,descending,0.724568837,0.194444444
117,1,untrained,31,1.1,0,1,1.4,0.6,descending,0.724568837,0.194444444
117,1,untrained,32,1,1,1,1.4,0.6,descending,0.724568837,0.194444444
117,1,untrained,33,0.9,1,1,1.4,0.6,descending,0.724568837,0.194444444
117,1,untrained,34,0.8,1,1,1.4,0.6,descending,0.724568837,0.194444444
117,1,untrained,35,0.7,0,0,1.4,0.6,descending,0.724568837,0.194444444
117,1,untrained,36,0.6,0,0,1.4,0.6,descending,0.724568837,0.194444444
117,1,untrained,37,0.6,0,0,0.6,1.4,ascending,0.866025404,0.277777778
117,1,untrained,38,0.7,0,0,0.6,1.4,ascending,0.866025404,0.277777778
117,1,untrained,39,0.8,0,0,0.6,1.4,ascending,0.866025404,0.277777778
117,1,untrained,40,0.9,0,0,0.6,1.4,ascending,0.866025404,0.277777778
117,1,untrained,41,1,0,0,0.6,1.4,ascending,0.866025404,0.277777778
117,1,untrained,42,1.1,0,1,0.6,1.4,ascending,0.866025404,0.277777778
117,1,untrained,43,1.2,0,1,0.6,1.4,ascending,0.866025404,0.277777778
117,1,untrained,44,1.3,0,1,0.6,1.4,ascending,0.866025404,0.277777778
117,1,untrained,45,1.4,0,1,0.6,1.4,ascending,0.866025404,0.277777778
117,1,untrained,46,1.4,0,1,1.4,0.6,descending,0.866025404,0.277777778
117,1,untrained,47,1.3,0,1,1.4,0.6,descending,0.866025404,0.277777778
117,1,untrained,48,1.2,0,1,1.4,0.6,descending,0.866025404,0.277777778
117,1,untrained,49,1.1,0,1,1.4,0.6,descending,0.866025404,0.277777778
117,1,untrained,50,1,0,0,1.4,0.6,descending,0.866025404,0.277777778
117,1,untrained,51,0.9,0,0,1.4,0.6,descending,0.866025404,0.277777778
117,1,untrained,52,0.8,0,0,1.4,0.6,descending,0.866025404,0.277777778
117,1,untrained,53,0.7,0,0,1.4,0.6,descending,0.866025404,0.277777778
117,1,untrained,54,0.6,0,0,1.4,0.6,descending,0.866025404,0.277777778
117,1,untrained,55,0.6,0,0,0.6,1.4,ascending,0.866025404,0.277777778
117,1,untrained,56,0.7,0,0,0.6,1.4,ascending,0.866025404,0.277777778
117,1,untrained,57,0.8,0,0,0.6,1.4,ascending,0.866025404,0.277777778
117,1,untrained,58,0.9,0,0,0.6,1.4,ascending,0.866025404,0.277777778
117,1,untrained,59,1,0,0,0.6,1.4,ascending,0.866025404,0.277777778
117,1,untrained,60,1.1,0,1,0.6,1.4,ascending,0.866025404,0.277777778
117,1,untrained,61,1.2,0,1,0.6,1.4,ascending,0.866025404,0.277777778
117,1,untrained,62,1.3,0,1,0.6,1.4,ascending,0.866025404,0.277777778
117,1,untrained,63,1.4,0,1,0.6,1.4,ascending,0.866025404,0.277777778
117,1,untrained,64,1.4,0,1,1.4,0.6,descending,0.866025404,0.277777778
117,1,untrained,65,1.3,0,1,1.4,0.6,descending,0.866025404,0.277777778
117,1,untrained,66,1.2,0,1,1.4,0.6,descending,0.866025404,0.277777778
117,1,untrained,67,1.1,0,1,1.4,0.6,descending,0.866025404,0.277777778
117,1,untrained,68,1,0,0,1.4,0.6,descending,0.866025404,0.277777778
117,1,untrained,69,0.9,0,0,1.4,0.6,descending,0.866025404,0.277777778
117,1,untrained,70,0.8,0,0,1.4,0.6,descending,0.866025404,0.277777778
117,1,untrained,71,0.7,0,0,1.4,0.6,descending,0.866025404,0.277777778
117,1,untrained,72,0.6,0,0,1.4,0.6,descending,0.866025404,0.277777778
117,2,trained,1,1.4,0,1,1.4,0.6,descending,0.866025404,0.277777778
117,2,trained,2,1.3,0,1,1.4,0.6,descending,0.866025404,0.277777778
117,2,trained,3,1.2,0,1,1.4,0.6,descending,0.866025404,0.277777778
117,2,trained,4,1.1,0,1,1.4,0.6,descending,0.866025404,0.277777778
117,2,trained,5,1,1,1,1.4,0.6,descending,0.866025404,0.277777778
117,2,trained,6,0.9,0,0,1.4,0.6,descending,0.866025404,0.277777778
117,2,trained,7,0.8,0,0,1.4,0.6,descending,0.866025404,0.277777778
117,2,trained,8,0.7,0,0,1.4,0.6,descending,0.866025404,0.277777778
117,2,trained,9,0.6,0,0,1.4,0.6,descending,0.866025404,0.277777778
117,2,trained,10,0.6,0,0,0.6,1.4,ascending,0.821583836,0.25
117,2,trained,11,0.7,0,0,0.6,1.4,ascending,0.821583836,0.25
117,2,trained,12,0.8,0,0,0.6,1.4,ascending,0.821583836,0.25
117,2,trained,13,0.9,1,1,0.6,1.4,ascending,0.821583836,0.25
117,2,trained,14,1,1,1,0.6,1.4,ascending,0.821583836,0.25
117,2,trained,15,1.1,0,1,0.6,1.4,ascending,0.821583836,0.25
117,2,trained,16,1.2,0,1,0.6,1.4,ascending,0.821583836,0.25
117,2,trained,17,1.3,0,1,0.6,1.4,ascending,0.821583836,0.25
117,2,trained,18,1.4,0,1,0.6,1.4,ascending,0.821583836,0.25
117,2,trained,19,1.4,0,1,1.4,0.6,descending,0.821583836,0.25
117,2,trained,20,1.3,0,1,1.4,0.6,descending,0.821583836,0.25
117,2,trained,21,1.2,0,1,1.4,0.6,descending,0.821583836,0.25
117,2,trained,22,1.1,0,1,1.4,0.6,descending,0.821583836,0.25
117,2,trained,23,1,1,1,1.4,0.6,descending,0.821583836,0.25
117,2,trained,24,0.9,1,1,1.4,0.6,descending,0.821583836,0.25
117,2,trained,25,0.8,0,0,1.4,0.6,descending,0.821583836,0.25
117,2,trained,26,0.7,0,0,1.4,0.6,descending,0.821583836,0.25
117,2,trained,27,0.6,0,0,1.4,0.6,descending,0.821583836,0.25
117,2,trained,28,0.6,0,0,0.6,1.4,ascending,0.866025404,0.277777778
117,2,trained,29,0.7,0,0,0.6,1.4,ascending,0.866025404,0.277777778
117,2,trained,30,0.8,0,0,0.6,1.4,ascending,0.866025404,0.277777778
117,2,trained,31,0.9,0,0,0.6,1.4,ascending,0.866025404,0.277777778
117,2,trained,32,1,1,1,0.6,1.4,ascending,0.866025404,0.277777778
117,2,trained,33,1.1,0,1,0.6,1.4,ascending,0.866025404,0.277777778
117,2,trained,34,1.2,0,1,0.6,1.4,ascending,0.866025404,0.277777778
117,2,trained,35,1.3,0,1,0.6,1.4,ascending,0.866025404,0.277777778
117,2,trained,36,1.4,0,1,0.6,1.4,ascending,0.866025404,0.277777778
117,2,trained,37,1.4,0,1,1.4,0.6,descending,0.866025404,0.277777778
117,2,trained,38,1.3,0,1,1.4,0.6,descending,0.866025404,0.277777778
117,2,trained,39,1.2,0,1,1.4,0.6,descending,0.866025404,0.277777778
117,2,trained,40,1.1,0,1,1.4,0.6,descending,0.866025404,0.277777778
117,2,trained,41,1,0,0,1.4,0.6,descending,0.866025404,0.277777778
117,2,trained,42,0.9,0,0,1.4,0.6,descending,0.866025404,0.277777778
117,2,trained,43,0.8,0,0,1.4,0.6,descending,0.866025404,0.277777778
117,2,trained,44,0.7,0,0,1.4,0.6,descending,0.866025404,0.277777778
117,2,trained,45,0.6,0,0,1.4,0.6,descending,0.866025404,0.277777778
117,2,trained,46,0.6,0,0,0.6,1.4,ascending,0.866025404,0.277777778
117,2,trained,47,0.7,0,0,0.6,1.4,ascending,0.866025404,0.277777778
117,2,trained,48,0.8,0,0,0.6,1.4,ascending,0.866025404,0.277777778
117,2,trained,49,0.9,0,0,0.6,1.4,ascending,0.866025404,0.277777778
117,2,trained,50,1,0,0,0.6,1.4,ascending,0.866025404,0.277777778
117,2,trained,51,1.1,0,1,0.6,1.4,ascending,0.866025404,0.277777778
117,2,trained,52,1.2,0,1,0.6,1.4,ascending,0.866025404,0.277777778
117,2,trained,53,1.3,0,1,0.6,1.4,ascending,0.866025404,0.277777778
117,2,trained,54,1.4,0,1,0.6,1.4,ascending,0.866025404,0.277777778
117,2,trained,55,1.4,0,1,1.4,0.6,descending,0.821583836,0.25
117,2,trained,56,1.3,0,1,1.4,0.6,descending,0.821583836,0.25
117,2,trained,57,1.2,0,1,1.4,0.6,descending,0.821583836,0.25
117,2,trained,58,1.1,0,1,1.4,0.6,descending,0.821583836,0.25
117,2,trained,59,1,1,1,1.4,0.6,descending,0.821583836,0.25
117,2,trained,60,0.9,1,1,1.4,0.6,descending,0.821583836,0.25
117,2,trained,61,0.8,0,0,1.4,0.6,descending,0.821583836,0.25
117,2,trained,62,0.7,0,0,1.4,0.6,descending,0.821583836,0.25
117,2,trained,63,0.6,0,0,1.4,0.6,descending,0.821583836,0.25
117,2,trained,64,0.6,0,0,0.6,1.4,ascending,0.866025404,0.277777778
117,2,trained,65,0.7,0,0,0.6,1.4,ascending,0.866025404,0.277777778
117,2,trained,66,0.8,0,0,0.6,1.4,ascending,0.866025404,0.277777778
117,2,trained,67,0.9,0,0,0.6,1.4,ascending,0.866025404,0.277777778
117,2,trained,68,1,0,0,0.6,1.4,ascending,0.866025404,0.277777778
117,2,trained,69,1.1,0,1,0.6,1.4,ascending,0.866025404,0.277777778
117,2,trained,70,1.2,0,1,0.6,1.4,ascending,0.866025404,0.277777778
117,2,trained,71,1.3,0,1,0.6,1.4,ascending,0.866025404,0.277777778
117,2,trained,72,1.4,0,1,0.6,1.4,ascending,0.866025404,0.277777778
118,1,trained,1,0.6,0,0,0.6,1.4,ascending,0.866025404,0.277777778
118,1,trained,2,0.7,0,0,0.6,1.4,ascending,0.866025404,0.277777778
118,1,trained,3,0.8,0,0,0.6,1.4,ascending,0.866025404,0.277777778
118,1,trained,4,0.9,0,0,0.6,1.4,ascending,0.866025404,0.277777778
118,1,trained,5,1,0,0,0.6,1.4,ascending,0.866025404,0.277777778
118,1,trained,6,1.1,0,1,0.6,1.4,ascending,0.866025404,0.277777778
118,1,trained,7,1.2,0,1,0.6,1.4,ascending,0.866025404,0.277777778
118,1,trained,8,1.3,0,1,0.6,1.4,ascending,0.866025404,0.277777778
118,1,trained,9,1.4,0,1,0.6,1.4,ascending,0.866025404,0.277777778
118,1,trained,10,1.4,0,1,1.4,0.6,descending,0.866025404,0.277777778
118,1,trained,11,1.3,0,1,1.4,0.6,descending,0.866025404,0.277777778
118,1,trained,12,1.2,0,1,1.4,0.6,descending,0.866025404,0.277777778
118,1,trained,13,1.1,0,1,1.4,0.6,descending,0.866025404,0.277777778
118,1,trained,14,1,1,1,1.4,0.6,descending,0.866025404,0.277777778
118,1,trained,15,0.9,0,0,1.4,0.6,descending,0.866025404,0.277777778
118,1,trained,16,0.8,0,0,1.4,0.6,descending,0.866025404,0.277777778
118,1,trained,17,0.7,0,0,1.4,0.6,descending,0.866025404,0.277777778
118,1,trained,18,0.6,0,0,1.4,0.6,descending,0.866025404,0.277777778
118,1,trained,19,0.6,0,0,0.6,1.4,ascending,0.866025404,0.277777778
118,1,trained,20,0.7,0,0,0.6,1.4,ascending,0.866025404,0.277777778
118,1,trained,21,0.8,0,0,0.6,1.4,ascending,0.866025404,0.277777778
118,1,trained,22,0.9,0,0,0.6,1.4,ascending,0.866025404,0.277777778
118,1,trained,23,1,1,1,0.6,1.4,ascending,0.866025404,0.277777778
118,1,trained,24,1.1,0,1,0.6,1.4,ascending,0.866025404,0.277777778
118,1,trained,25,1.2,0,1,0.6,1.4,ascending,0.866025404,0.277777778
118,1,trained,26,1.3,0,1,0.6,1.4,ascending,0.866025404,0.277777778
118,1,trained,27,1.4,0,1,0.6,1.4,ascending,0.866025404,0.277777778
118,1,trained,28,1.4,0,1,1.4,0.6,descending,0.456435465,0.25
118,1,trained,29,1.3,0,1,1.4,0.6,descending,0.456435465,0.25
118,1,trained,30,1.2,1,0,1.4,0.6,descending,0.456435465,0.25
118,1,trained,31,1.1,0,1,1.4,0.6,descending,0.456435465,0.25
118,1,trained,32,1,1,1,1.4,0.6,descending,0.456435465,0.25
118,1,trained,33,0.9,1,1,1.4,0.6,descending,0.456435465,0.25
118,1,trained,34,0.8,1,1,1.4,0.6,descending,0.456435465,0.25
118,1,trained,35,0.7,0,0,1.4,0.6,descending,0.456435465,0.25
118,1,trained,36,0.6,0,0,1.4,0.6,descending,0.456435465,0.25
118,1,trained,37,0.6,0,0,0.6,1.4,ascending,0.821583836,0.25
118,1,trained,38,0.7,0,0,0.6,1.4,ascending,0.821583836,0.25
118,1,trained,39,0.8,0,0,0.6,1.4,ascending,0.821583836,0.25
118,1,trained,40,0.9,1,1,0.6,1.4,ascending,0.821583836,0.25
118,1,trained,41,1,1,1,0.6,1.4,ascending,0.821583836,0.25
118,1,trained,42,1.1,0,1,0.6,1.4,ascending,0.821583836,0.25
118,1,trained,43,1.2,0,1,0.6,1.4,ascending,0.821583836,0.25
118,1,trained,44,1.3,0,1,0.6,1.4,ascending,0.821583836,0.25
118,1,trained,45,1.4,0,1,0.6,1.4,ascending,0.821583836,0.25
118,1,trained,46,1.4,0,1,1.4,0.6,descending,0.547722558,0.111111111
118,1,trained,47,1.3,0,1,1.4,0.6,descending,0.547722558,0.111111111
118,1,trained,48,1.2,0,1,1.4,0.6,descending,0.547722558,0.111111111
118,1,trained,49,1.1,0,1,1.4,0.6,descending,0.547722558,0.111111111
118,1,trained,50,1,1,1,1.4,0.6,descending,0.547722558,0.111111111
118,1,trained,51,0.9,1,1,1.4,0.6,descending,0.547722558,0.111111111
118,1,trained,52,0.8,1,1,1.4,0.6,descending,0.547722558,0.111111111
118,1,trained,53,0.7,1,1,1.4,0.6,descending,0.547722558,0.111111111
118,1,trained,54,0.6,0,0,1.4,0.6,descending,0.547722558,0.111111111
118,1,trained,55,0.6,0,0,0.6,1.4,ascending,0.866025404,0.277777778
118,1,trained,56,0.7,0,0,0.6,1.4,ascending,0.866025404,0.277777778
118,1,trained,57,0.8,0,0,0.6,1.4,ascending,0.866025404,0.277777778
118,1,trained,58,0.9,0,0,0.6,1.4,ascending,0.866025404,0.277777778
118,1,trained,59,1,0,0,0.6,1.4,ascending,0.866025404,0.277777778
118,1,trained,60,1.1,0,1,0.6,1.4,ascending,0.866025404,0.277777778
118,1,trained,61,1.2,0,1,0.6,1.4,ascending,0.866025404,0.277777778
118,1,trained,62,1.3,0,1,0.6,1.4,ascending,0.866025404,0.277777778
118,1,trained,63,1.4,0,1,0.6,1.4,ascending,0.866025404,0.277777778
118,1,trained,64,1.4,0,1,1.4,0.6,descending,0.730296743,0.25
118,1,trained,65,1.3,0,1,1.4,0.6,descending,0.730296743,0.25
118,1,trained,66,1.2,0,1,1.4,0.6,descending,0.730296743,0.25
118,1,trained,67,1.1,0,1,1.4,0.6,descending,0.730296743,0.25
118,1,trained,68,1,1,1,1.4,0.6,descending,0.730296743,0.25
118,1,trained,69,0.9,0,0,1.4,0.6,descending,0.730296743,0.25
118,1,trained,70,0.8,1,1,1.4,0.6,descending,0.730296743,0.25
118,1,trained,71,0.7,0,0,1.4,0.6,descending,0.730296743,0.25
118,1,trained,72,0.6,0,0,1.4,0.6,descending,0.730296743,0.25
118,2,untrained,10,0.6,0,0,0.6,1.4,ascending,0.51754917,0.194444444
118,2,untrained,11,0.7,0,0,0.6,1.4,ascending,0.51754917,0.194444444
118,2,untrained,12,0.8,0,0,0.6,1.4,ascending,0.51754917,0.194444444
118,2,untrained,13,0.9,0,0,0.6,1.4,ascending,0.51754917,0.194444444
118,2,untrained,14,1,0,0,0.6,1.4,ascending,0.51754917,0.194444444
118,2,untrained,15,1.1,1,0,0.6,1.4,ascending,0.51754917,0.194444444
118,2,untrained,16,1.2,0,1,0.6,1.4,ascending,0.51754917,0.194444444
118,2,untrained,17,1.3,0,1,0.6,1.4,ascending,0.51754917,0.194444444
118,2,untrained,18,1.4,1,0,0.6,1.4,ascending,0.51754917,0.194444444
118,2,untrained,19,1.4,0,1,1.4,0.6,descending,0.63900965,0.25
118,2,untrained,20,1.3,1,0,1.4,0.6,descending,0.63900965,0.25
118,2,untrained,21,1.2,0,1,1.4,0.6,descending,0.63900965,0.25
118,2,untrained,22,1.1,0,1,1.4,0.6,descending,0.63900965,0.25
118,2,untrained,23,1,0,0,1.4,0.6,descending,0.63900965,0.25
118,2,untrained,24,0.9,0,0,1.4,0.6,descending,0.63900965,0.25
118,2,untrained,25,0.8,0,0,1.4,0.6,descending,0.63900965,0.25
118,2,untrained,26,0.7,0,0,1.4,0.6,descending,0.63900965,0.25
118,2,untrained,27,0.6,0,0,1.4,0.6,descending,0.63900965,0.25
118,2,untrained,28,0.6,0,0,0.6,1.4,ascending,0.692820323,0.277777778
118,2,untrained,29,0.7,0,0,0.6,1.4,ascending,0.692820323,0.277777778
118,2,untrained,30,0.8,0,0,0.6,1.4,ascending,0.692820323,0.277777778
118,2,untrained,31,0.9,1,1,0.6,1.4,ascending,0.692820323,0.277777778
118,2,untrained,32,1,0,0,0.6,1.4,ascending,0.692820323,0.277777778
118,2,untrained,33,1.1,1,0,0.6,1.4,ascending,0.692820323,0.277777778
118,2,untrained,34,1.2,0,1,0.6,1.4,ascending,0.692820323,0.277777778
118,2,untrained,35,1.3,0,1,0.6,1.4,ascending,0.692820323,0.277777778
118,2,untrained,36,1.4,0,1,0.6,1.4,ascending,0.692820323,0.277777778
118,2,untrained,37,1.4,0,1,1.4,0.6,descending,0.779422863,0.277777778
118,2,untrained,38,1.3,0,1,1.4,0.6,descending,0.779422863,0.277777778
118,2,untrained,39,1.2,0,1,1.4,0.6,descending,0.779422863,0.277777778
118,2,untrained,40,1.1,0,1,1.4,0.6,descending,0.779422863,0.277777778
118,2,untrained,41,1,0,0,1.4,0.6,descending,0.779422863,0.277777778
118,2,untrained,42,0.9,1,1,1.4,0.6,descending,0.779422863,0.277777778
118,2,untrained,43,0.8,0,0,1.4,0.6,descending,0.779422863,0.277777778
118,2,untrained,44,0.7,0,0,1.4,0.6,descending,0.779422863,0.277777778
118,2,untrained,45,0.6,0,0,1.4,0.6,descending,0.779422863,0.277777778
118,2,untrained,46,0.6,0,0,0.6,1.4,ascending,0.866025404,0.277777778
118,2,untrained,47,0.7,0,0,0.6,1.4,ascending,0.866025404,0.277777778
118,2,untrained,48,0.8,0,0,0.6,1.4,ascending,0.866025404,0.277777778
118,2,untrained,49,0.9,0,0,0.6,1.4,ascending,0.866025404,0.277777778
118,2,untrained,50,1,1,1,0.6,1.4,ascending,0.866025404,0.277777778
118,2,untrained,51,1.1,0,1,0.6,1.4,ascending,0.866025404,0.277777778
118,2,untrained,52,1.2,0,1,0.6,1.4,ascending,0.866025404,0.277777778
118,2,untrained,53,1.3,0,1,0.6,1.4,ascending,0.866025404,0.277777778
118,2,untrained,54,1.4,0,1,0.6,1.4,ascending,0.866025404,0.277777778
118,2,untrained,55,1.4,0,1,1.4,0.6,descending,0.779422863,0.277777778
118,2,untrained,56,1.3,0,1,1.4,0.6,descending,0.779422863,0.277777778
118,2,untrained,57,1.2,0,1,1.4,0.6,descending,0.779422863,0.277777778
118,2,untrained,58,1.1,1,0,1.4,0.6,descending,0.779422863,0.277777778
118,2,untrained,59,1,1,1,1.4,0.6,descending,0.779422863,0.277777778
118,2,untrained,60,0.9,0,0,1.4,0.6,descending,0.779422863,0.277777778
118,2,untrained,61,0.8,0,0,1.4,0.6,descending,0.779422863,0.277777778
118,2,untrained,62,0.7,0,0,1.4,0.6,descending,0.779422863,0.277777778
118,2,untrained,63,0.6,0,0,1.4,0.6,descending,0.779422863,0.277777778
118,2,untrained,64,0.6,0,0,0.6,1.4,ascending,0.866025404,0.277777778
118,2,untrained,65,0.7,0,0,0.6,1.4,ascending,0.866025404,0.277777778
118,2,untrained,66,0.8,0,0,0.6,1.4,ascending,0.866025404,0.277777778
118,2,untrained,67,0.9,0,0,0.6,1.4,ascending,0.866025404,0.277777778
118,2,untrained,68,1,1,1,0.6,1.4,ascending,0.866025404,0.277777778
118,2,untrained,69,1.1,0,1,0.6,1.4,ascending,0.866025404,0.277777778
118,2,untrained,70,1.2,0,1,0.6,1.4,ascending,0.866025404,0.277777778
118,2,untrained,71,1.3,0,1,0.6,1.4,ascending,0.866025404,0.277777778
118,2,untrained,72,1.4,0,1,0.6,1.4,ascending,0.866025404,0.277777778
119,1,untrained,1,0.6,0,0,0.6,1.4,ascending,0.519615242,0.277777778
119,1,untrained,2,0.7,1,1,0.6,1.4,ascending,0.519615242,0.277777778
119,1,untrained,3,0.8,0,0,0.6,1.4,ascending,0.519615242,0.277777778
119,1,untrained,4,0.9,0,0,0.6,1.4,ascending,0.519615242,0.277777778
119,1,untrained,5,1,1,1,0.6,1.4,ascending,0.519615242,0.277777778
119,1,untrained,6,1.1,1,0,0.6,1.4,ascending,0.519615242,0.277777778
119,1,untrained,7,1.2,0,1,0.6,1.4,ascending,0.519615242,0.277777778
119,1,untrained,8,1.3,0,1,0.6,1.4,ascending,0.519615242,0.277777778
119,1,untrained,9,1.4,0,1,0.6,1.4,ascending,0.519615242,0.277777778
119,1,untrained,10,1.4,0,1,1.4,0.6,descending,0.724568837,0.194444444
119,1,untrained,11,1.3,0,1,1.4,0.6,descending,0.724568837,0.194444444
119,1,untrained,12,1.2,1,0,1.4,0.6,descending,0.724568837,0.194444444
119,1,untrained,13,1.1,1,0,1.4,0.6,descending,0.724568837,0.194444444
119,1,untrained,14,1,0,0,1.4,0.6,descending,0.724568837,0.194444444
119,1,untrained,15,0.9,0,0,1.4,0.6,descending,0.724568837,0.194444444
119,1,untrained,16,0.8,0,0,1.4,0.6,descending,0.724568837,0.194444444
119,1,untrained,17,0.7,0,0,1.4,0.6,descending,0.724568837,0.194444444
119,1,untrained,18,0.6,0,0,1.4,0.6,descending,0.724568837,0.194444444
119,1,untrained,19,0.6,0,0,0.6,1.4,ascending,0.606217783,0.277777778
119,1,untrained,20,0.7,0,0,0.6,1.4,ascending,0.606217783,0.277777778
119,1,untrained,21,0.8,0,0,0.6,1.4,ascending,0.606217783,0.277777778
119,1,untrained,22,0.9,0,0,0.6,1.4,ascending,0.606217783,0.277777778
119,1,untrained,23,1,1,1,0.6,1.4,ascending,0.606217783,0.277777778
119,1,untrained,24,1.1,0,1,0.6,1.4,ascending,0.606217783,0.277777778
119,1,untrained,25,1.2,0,1,0.6,1.4,ascending,0.606217783,0.277777778
119,1,untrained,26,1.3,1,0,0.6,1.4,ascending,0.606217783,0.277777778
119,1,untrained,27,1.4,0,1,0.6,1.4,ascending,0.606217783,0.277777778
119,1,untrained,28,1.4,0,1,1.4,0.6,descending,0.821583836,0.25
119,1,untrained,29,1.3,0,1,1.4,0.6,descending,0.821583836,0.25
119,1,untrained,30,1.2,0,1,1.4,0.6,descending,0.821583836,0.25
119,1,untrained,31,1.1,0,1,1.4,0.6,descending,0.821583836,0.25
119,1,untrained,32,1,1,1,1.4,0.6,descending,0.821583836,0.25
119,1,untrained,33,0.9,1,1,1.4,0.6,descending,0.821583836,0.25
119,1,untrained,34,0.8,0,0,1.4,0.6,descending,0.821583836,0.25
119,1,untrained,35,0.7,0,0,1.4,0.6,descending,0.821583836,0.25
119,1,untrained,36,0.6,0,0,1.4,0.6,descending,0.821583836,0.25
119,1,untrained,37,0.6,0,0,0.6,1.4,ascending,0.866025404,0.277777778
119,1,untrained,38,0.7,0,0,0.6,1.4,ascending,0.866025404,0.277777778
119,1,untrained,39,0.8,0,0,0.6,1.4,ascending,0.866025404,0.277777778
119,1,untrained,40,0.9,0,0,0.6,1.4,ascending,0.866025404,0.277777778
119,1,untrained,41,1,1,1,0.6,1.4,ascending,0.866025404,0.277777778
119,1,untrained,42,1.1,0,1,0.6,1.4,ascending,0.866025404,0.277777778
119,1,untrained,43,1.2,0,1,0.6,1.4,ascending,0.866025404,0.277777778
119,1,untrained,44,1.3,0,1,0.6,1.4,ascending,0.866025404,0.277777778
119,1,untrained,45,1.4,0,1,0.6,1.4,ascending,0.866025404,0.277777778
119,1,untrained,46,1.4,0,1,1.4,0.6,descending,0.821583836,0.25
119,1,untrained,47,1.3,0,1,1.4,0.6,descending,0.821583836,0.25
119,1,untrained,48,1.2,0,1,1.4,0.6,descending,0.821583836,0.25
119,1,untrained,49,1.1,0,1,1.4,0.6,descending,0.821583836,0.25
119,1,untrained,50,1,1,1,1.4,0.6,descending,0.821583836,0.25
119,1,untrained,51,0.9,1,1,1.4,0.6,descending,0.821583836,0.25
119,1,untrained,52,0.8,0,0,1.4,0.6,descending,0.821583836,0.25
119,1,untrained,53,0.7,0,0,1.4,0.6,descending,0.821583836,0.25
119,1,untrained,54,0.6,0,0,1.4,0.6,descending,0.821583836,0.25
119,1,untrained,55,0.6,0,0,0.6,1.4,ascending,0.866025404,0.277777778
119,1,untrained,56,0.7,0,0,0.6,1.4,ascending,0.866025404,0.277777778
119,1,untrained,57,0.8,0,0,0.6,1.4,ascending,0.866025404,0.277777778
119,1,untrained,58,0.9,0,0,0.6,1.4,ascending,0.866025404,0.277777778
119,1,untrained,59,1,0,0,0.6,1.4,ascending,0.866025404,0.277777778
119,1,untrained,60,1.1,0,1,0.6,1.4,ascending,0.866025404,0.277777778
119,1,untrained,61,1.2,0,1,0.6,1.4,ascending,0.866025404,0.277777778
119,1,untrained,62,1.3,0,1,0.6,1.4,ascending,0.866025404,0.277777778
119,1,untrained,63,1.4,0,1,0.6,1.4,ascending,0.866025404,0.277777778
119,1,untrained,64,1.4,0,1,1.4,0.6,descending,0.821583836,0.25
119,1,untrained,65,1.3,0,1,1.4,0.6,descending,0.821583836,0.25
119,1,untrained,66,1.2,0,1,1.4,0.6,descending,0.821583836,0.25
119,1,untrained,67,1.1,0,1,1.4,0.6,descending,0.821583836,0.25
119,1,untrained,68,1,1,1,1.4,0.6,descending,0.821583836,0.25
119,1,untrained,69,0.9,1,1,1.4,0.6,descending,0.821583836,0.25
119,1,untrained,70,0.8,0,0,1.4,0.6,descending,0.821583836,0.25
119,1,untrained,71,0.7,0,0,1.4,0.6,descending,0.821583836,0.25
119,1,untrained,72,0.6,0,0,1.4,0.6,descending,0.821583836,0.25
119,2,trained,1,1.4,0,1,1.4,0.6,descending,0.866025404,0.277777778
119,2,trained,2,1.3,0,1,1.4,0.6,descending,0.866025404,0.277777778
119,2,trained,3,1.2,0,1,1.4,0.6,descending,0.866025404,0.277777778
119,2,trained,4,1.1,0,1,1.4,0.6,descending,0.866025404,0.277777778
119,2,trained,5,1,0,0,1.4,0.6,descending,0.866025404,0.277777778
119,2,trained,6,0.9,0,0,1.4,0.6,descending,0.866025404,0.277777778
119,2,trained,7,0.8,0,0,1.4,0.6,descending,0.866025404,0.277777778
119,2,trained,8,0.7,0,0,1.4,0.6,descending,0.866025404,0.277777778
119,2,trained,9,0.6,0,0,1.4,0.6,descending,0.866025404,0.277777778
119,2,trained,10,0.6,0,0,0.6,1.4,ascending,0.866025404,0.277777778
119,2,trained,11,0.7,0,0,0.6,1.4,ascending,0.866025404,0.277777778
119,2,trained,12,0.8,0,0,0.6,1.4,ascending,0.866025404,0.277777778
119,2,trained,13,0.9,0,0,0.6,1.4,ascending,0.866025404,0.277777778
119,2,trained,14,1,1,1,0.6,1.4,ascending,0.866025404,0.277777778
119,2,trained,15,1.1,0,1,0.6,1.4,ascending,0.866025404,0.277777778
119,2,trained,16,1.2,0,1,0.6,1.4,ascending,0.866025404,0.277777778
119,2,trained,17,1.3,0,1,0.6,1.4,ascending,0.866025404,0.277777778
119,2,trained,18,1.4,0,1,0.6,1.4,ascending,0.866025404,0.277777778
119,2,trained,19,1.4,0,1,1.4,0.6,descending,0.779422863,0.277777778
119,2,trained,20,1.3,0,1,1.4,0.6,descending,0.779422863,0.277777778
119,2,trained,21,1.2,0,1,1.4,0.6,descending,0.779422863,0.277777778
119,2,trained,22,1.1,0,1,1.4,0.6,descending,0.779422863,0.277777778
119,2,trained,23,1,0,0,1.4,0.6,descending,0.779422863,0.277777778
119,2,trained,24,0.9,1,1,1.4,0.6,descending,0.779422863,0.277777778
119,2,trained,25,0.8,0,0,1.4,0.6,descending,0.779422863,0.277777778
119,2,trained,26,0.7,0,0,1.4,0.6,descending,0.779422863,0.277777778
119,2,trained,27,0.6,0,0,1.4,0.6,descending,0.779422863,0.277777778
119,2,trained,28,0.6,1,1,0.6,1.4,ascending,0.519615242,0.277777778
119,2,trained,29,0.7,0,0,0.6,1.4,ascending,0.519615242,0.277777778
119,2,trained,30,0.8,0,0,0.6,1.4,ascending,0.519615242,0.277777778
119,2,trained,31,0.9,0,0,0.6,1.4,ascending,0.519615242,0.277777778
119,2,trained,32,1,0,0,0.6,1.4,ascending,0.519615242,0.277777778
119,2,trained,33,1.1,0,1,0.6,1.4,ascending,0.519615242,0.277777778
119,2,trained,34,1.2,0,1,0.6,1.4,ascending,0.519615242,0.277777778
119,2,trained,35,1.3,0,1,0.6,1.4,ascending,0.519615242,0.277777778
119,2,trained,36,1.4,0,1,0.6,1.4,ascending,0.519615242,0.277777778
119,2,trained,37,1.4,0,1,1.4,0.6,descending,0.866025404,0.277777778
119,2,trained,38,1.3,0,1,1.4,0.6,descending,0.866025404,0.277777778
119,2,trained,39,1.2,0,1,1.4,0.6,descending,0.866025404,0.277777778
119,2,trained,40,1.1,0,1,1.4,0.6,descending,0.866025404,0.277777778
119,2,trained,41,1,1,1,1.4,0.6,descending,0.866025404,0.277777778
119,2,trained,42,0.9,0,0,1.4,0.6,descending,0.866025404,0.277777778
119,2,trained,43,0.8,0,0,1.4,0.6,descending,0.866025404,0.277777778
119,2,trained,44,0.7,0,0,1.4,0.6,descending,0.866025404,0.277777778
119,2,trained,45,0.6,0,0,1.4,0.6,descending,0.866025404,0.277777778
119,2,trained,46,0.6,0,0,0.6,1.4,ascending,0.724568837,0.194444444
119,2,trained,47,0.7,0,0,0.6,1.4,ascending,0.724568837,0.194444444
119,2,trained,48,0.8,1,1,0.6,1.4,ascending,0.724568837,0.194444444
119,2,trained,49,0.9,1,1,0.6,1.4,ascending,0.724568837,0.194444444
119,2,trained,50,1,1,1,0.6,1.4,ascending,0.724568837,0.194444444
119,2,trained,51,1.1,0,1,0.6,1.4,ascending,0.724568837,0.194444444
119,2,trained,52,1.2,0,1,0.6,1.4,ascending,0.724568837,0.194444444
119,2,trained,53,1.3,0,1,0.6,1.4,ascending,0.724568837,0.194444444
119,2,trained,54,1.4,0,1,0.6,1.4,ascending,0.724568837,0.194444444
119,2,trained,64,0.6,0,0,0.6,1.4,ascending,0.866025404,0.277777778
119,2,trained,65,0.7,0,0,0.6,1.4,ascending,0.866025404,0.277777778
119,2,trained,66,0.8,0,0,0.6,1.4,ascending,0.866025404,0.277777778
119,2,trained,67,0.9,0,0,0.6,1.4,ascending,0.866025404,0.277777778
119,2,trained,68,1,0,0,0.6,1.4,ascending,0.866025404,0.277777778
119,2,trained,69,1.1,0,1,0.6,1.4,ascending,0.866025404,0.277777778
119,2,trained,70,1.2,0,1,0.6,1.4,ascending,0.866025404,0.277777778
119,2,trained,71,1.3,0,1,0.6,1.4,ascending,0.866025404,0.277777778
119,2,trained,72,1.4,0,1,0.6,1.4,ascending,0.866025404,0.277777778
120,1,untrained,19,0.6,0,0,0.6,1.4,ascending,0.821583836,0.25
120,1,untrained,20,0.7,0,0,0.6,1.4,ascending,0.821583836,0.25
120,1,untrained,21,0.8,0,0,0.6,1.4,ascending,0.821583836,0.25
120,1,untrained,22,0.9,1,1,0.6,1.4,ascending,0.821583836,0.25
120,1,untrained,23,1,1,1,0.6,1.4,ascending,0.821583836,0.25
120,1,untrained,24,1.1,0,1,0.6,1.4,ascending,0.821583836,0.25
120,1,untrained,25,1.2,0,1,0.6,1.4,ascending,0.821583836,0.25
120,1,untrained,26,1.3,0,1,0.6,1.4,ascending,0.821583836,0.25
120,1,untrained,27,1.4,0,1,0.6,1.4,ascending,0.821583836,0.25
120,1,untrained,28,1.4,0,1,1.4,0.6,descending,0.692820323,0.277777778
120,1,untrained,29,1.3,0,1,1.4,0.6,descending,0.692820323,0.277777778
120,1,untrained,30,1.2,0,1,1.4,0.6,descending,0.692820323,0.277777778
120,1,untrained,31,1.1,1,0,1.4,0.6,descending,0.692820323,0.277777778
120,1,untrained,32,1,1,1,1.4,0.6,descending,0.692820323,0.277777778
120,1,untrained,33,0.9,1,1,1.4,0.6,descending,0.692820323,0.277777778
120,1,untrained,34,0.8,0,0,1.4,0.6,descending,0.692820323,0.277777778
120,1,untrained,35,0.7,0,0,1.4,0.6,descending,0.692820323,0.277777778
120,1,untrained,36,0.6,0,0,1.4,0.6,descending,0.692820323,0.277777778
120,1,untrained,37,0.6,0,0,0.6,1.4,ascending,0.821583836,0.25
120,1,untrained,38,0.7,0,0,0.6,1.4,ascending,0.821583836,0.25
120,1,untrained,39,0.8,0,0,0.6,1.4,ascending,0.821583836,0.25
120,1,untrained,40,0.9,1,1,0.6,1.4,ascending,0.821583836,0.25
120,1,untrained,41,1,1,1,0.6,1.4,ascending,0.821583836,0.25
120,1,untrained,42,1.1,0,1,0.6,1.4,ascending,0.821583836,0.25
120,1,untrained,43,1.2,0,1,0.6,1.4,ascending,0.821583836,0.25
120,1,untrained,44,1.3,0,1,0.6,1.4,ascending,0.821583836,0.25
120,1,untrained,45,1.4,0,1,0.6,1.4,ascending,0.821583836,0.25
120,1,untrained,64,1.4,0,1,1.4,0.6,descending,0.724568837,0.194444444
120,1,untrained,65,1.3,0,1,1.4,0.6,descending,0.724568837,0.194444444
120,1,untrained,66,1.2,0,1,1.4,0.6,descending,0.724568837,0.194444444
120,1,untrained,67,1.1,0,1,1.4,0.6,descending,0.724568837,0.194444444
120,1,untrained,68,1,1,1,1.4,0.6,descending,0.724568837,0.194444444
120,1,untrained,69,0.9,1,1,1.4,0.6,descending,0.724568837,0.194444444
120,1,untrained,70,0.8,1,1,1.4,0.6,descending,0.724568837,0.194444444
120,1,untrained,71,0.7,0,0,1.4,0.6,descending,0.724568837,0.194444444
120,1,untrained,72,0.6,0,0,1.4,0.6,descending,0.724568837,0.194444444
120,2,trained,1,1.4,0,1,1.4,0.6,descending,0.730296743,0.25
120,2,trained,2,1.3,0,1,1.4,0.6,descending,0.730296743,0.25
120,2,trained,3,1.2,0,1,1.4,0.6,descending,0.730296743,0.25
120,2,trained,4,1.1,0,1,1.4,0.6,descending,0.730296743,0.25
120,2,trained,5,1,1,1,1.4,0.6,descending,0.730296743,0.25
120,2,trained,6,0.9,0,0,1.4,0.6,descending,0.730296743,0.25
120,2,trained,7,0.8,1,1,1.4,0.6,descending,0.730296743,0.25
120,2,trained,8,0.7,0,0,1.4,0.6,descending,0.730296743,0.25
120,2,trained,9,0.6,0,0,1.4,0.6,descending,0.730296743,0.25
120,2,trained,10,0.6,0,0,0.6,1.4,ascending,0.606217783,0.277777778
120,2,trained,11,0.7,0,0,0.6,1.4,ascending,0.606217783,0.277777778
120,2,trained,12,0.8,0,0,0.6,1.4,ascending,0.606217783,0.277777778
120,2,trained,13,0.9,1,1,0.6,1.4,ascending,0.606217783,0.277777778
120,2,trained,14,1,1,1,0.6,1.4,ascending,0.606217783,0.277777778
120,2,trained,15,1.1,0,1,0.6,1.4,ascending,0.606217783,0.277777778
120,2,trained,16,1.2,1,0,0.6,1.4,ascending,0.606217783,0.277777778
120,2,trained,17,1.3,0,1,0.6,1.4,ascending,0.606217783,0.277777778
120,2,trained,18,1.4,0,1,0.6,1.4,ascending,0.606217783,0.277777778
120,2,trained,28,0.6,0,0,0.6,1.4,ascending,0.821583836,0.25
120,2,trained,29,0.7,0,0,0.6,1.4,ascending,0.821583836,0.25
120,2,trained,30,0.8,0,0,0.6,1.4,ascending,0.821583836,0.25
120,2,trained,31,0.9,1,1,0.6,1.4,ascending,0.821583836,0.25
120,2,trained,32,1,1,1,0.6,1.4,ascending,0.821583836,0.25
120,2,trained,33,1.1,0,1,0.6,1.4,ascending,0.821583836,0.25
120,2,trained,34,1.2,0,1,0.6,1.4,ascending,0.821583836,0.25
120,2,trained,35,1.3,0,1,0.6,1.4,ascending,0.821583836,0.25
120,2,trained,36,1.4,0,1,0.6,1.4,ascending,0.821583836,0.25
120,2,trained,37,1.4,0,1,1.4,0.6,descending,0.519615242,0.277777778
120,2,trained,38,1.3,0,1,1.4,0.6,descending,0.519615242,0.277777778
120,2,trained,39,1.2,0,1,1.4,0.6,descending,0.519615242,0.277777778
120,2,trained,40,1.1,0,1,1.4,0.6,descending,0.519615242,0.277777778
120,2,trained,41,1,0,0,1.4,0.6,descending,0.519615242,0.277777778
120,2,trained,42,0.9,0,0,1.4,0.6,descending,0.519615242,0.277777778
120,2,trained,43,0.8,0,0,1.4,0.6,descending,0.519615242,0.277777778
120,2,trained,44,0.7,0,0,1.4,0.6,descending,0.519615242,0.277777778
120,2,trained,45,0.6,1,1,1.4,0.6,descending,0.519615242,0.277777778
120,2,trained,46,0.6,0,0,0.6,1.4,ascending,0.866025404,0.277777778
120,2,trained,47,0.7,0,0,0.6,1.4,ascending,0.866025404,0.277777778
120,2,trained,48,0.8,0,0,0.6,1.4,ascending,0.866025404,0.277777778
120,2,trained,49,0.9,0,0,0.6,1.4,ascending,0.866025404,0.277777778
120,2,trained,50,1,1,1,0.6,1.4,ascending,0.866025404,0.277777778
120,2,trained,51,1.1,0,1,0.6,1.4,ascending,0.866025404,0.277777778
120,2,trained,52,1.2,0,1,0.6,1.4,ascending,0.866025404,0.277777778
120,2,trained,53,1.3,0,1,0.6,1.4,ascending,0.866025404,0.277777778
120,2,trained,54,1.4,0,1,0.6,1.4,ascending,0.866025404,0.277777778
120,2,trained,55,1.4,0,1,1.4,0.6,descending,0.547722558,0.111111111
120,2,trained,56,1.3,0,1,1.4,0.6,descending,0.547722558,0.111111111
120,2,trained,57,1.2,0,1,1.4,0.6,descending,0.547722558,0.111111111
120,2,trained,58,1.1,0,1,1.4,0.6,descending,0.547722558,0.111111111
120,2,trained,59,1,1,1,1.4,0.6,descending,0.547722558,0.111111111
120,2,trained,60,0.9,1,1,1.4,0.6,descending,0.547722558,0.111111111
120,2,trained,61,0.8,1,1,1.4,0.6,descending,0.547722558,0.111111111
120,2,trained,62,0.7,1,1,1.4,0.6,descending,0.547722558,0.111111111
120,2,trained,63,0.6,0,0,1.4,0.6,descending,0.547722558,0.111111111
120,2,trained,64,0.6,0,0,0.6,1.4,ascending,0.63900965,0.25
120,2,trained,65,0.7,0,0,0.6,1.4,ascending,0.63900965,0.25
120,2,trained,66,0.8,1,1,0.6,1.4,ascending,0.63900965,0.25
120,2,trained,67,0.9,1,1,0.6,1.4,ascending,0.63900965,0.25
120,2,trained,68,1,0,0,0.6,1.4,ascending,0.63900965,0.25
120,2,trained,69,1.1,0,1,0.6,1.4,ascending,0.63900965,0.25
120,2,trained,70,1.2,0,1,0.6,1.4,ascending,0.63900965,0.25
120,2,trained,71,1.3,0,1,0.6,1.4,ascending,0.63900965,0.25
120,2,trained,72,1.4,0,1,0.6,1.4,ascending,0.63900965,0.25
121,1,untrained,10,1.4,0,1,1.4,0.6,descending,0.547722558,0.25
121,1,untrained,11,1.3,0,1,1.4,0.6,descending,0.547722558,0.25
121,1,untrained,12,1.2,0,1,1.4,0.6,descending,0.547722558,0.25
121,1,untrained,13,1.1,0,1,1.4,0.6,descending,0.547722558,0.25
121,1,untrained,14,1,0,0,1.4,0.6,descending,0.547722558,0.25
121,1,untrained,15,0.9,1,1,1.4,0.6,descending,0.547722558,0.25
121,1,untrained,16,0.8,0,0,1.4,0.6,descending,0.547722558,0.25
121,1,untrained,17,0.7,1,1,1.4,0.6,descending,0.547722558,0.25
121,1,untrained,18,0.6,0,0,1.4,0.6,descending,0.547722558,0.25
121,1,untrained,28,1.4,0,1,1.4,0.6,descending,0.51754917,0.194444444
121,1,untrained,29,1.3,0,1,1.4,0.6,descending,0.51754917,0.194444444
121,1,untrained,30,1.2,0,1,1.4,0.6,descending,0.51754917,0.194444444
121,1,untrained,31,1.1,0,1,1.4,0.6,descending,0.51754917,0.194444444
121,1,untrained,32,1,1,1,1.4,0.6,descending,0.51754917,0.194444444
121,1,untrained,33,0.9,0,0,1.4,0.6,descending,0.51754917,0.194444444
121,1,untrained,34,0.8,1,1,1.4,0.6,descending,0.51754917,0.194444444
121,1,untrained,35,0.7,1,1,1.4,0.6,descending,0.51754917,0.194444444
121,1,untrained,36,0.6,0,0,1.4,0.6,descending,0.51754917,0.194444444
121,1,untrained,37,0.6,0,0,0.6,1.4,ascending,0.63900965,0.25
121,1,untrained,38,0.7,0,0,0.6,1.4,ascending,0.63900965,0.25
121,1,untrained,39,0.8,1,1,0.6,1.4,ascending,0.63900965,0.25
121,1,untrained,40,0.9,1,1,0.6,1.4,ascending,0.63900965,0.25
121,1,untrained,41,1,0,0,0.6,1.4,ascending,0.63900965,0.25
121,1,untrained,42,1.1,0,1,0.6,1.4,ascending,0.63900965,0.25
121,1,untrained,43,1.2,0,1,0.6,1.4,ascending,0.63900965,0.25
121,1,untrained,44,1.3,0,1,0.6,1.4,ascending,0.63900965,0.25
121,1,untrained,45,1.4,0,1,0.6,1.4,ascending,0.63900965,0.25
121,1,untrained,46,1.4,0,1,1.4,0.6,descending,0.456435465,0.25
121,1,untrained,47,1.3,0,1,1.4,0.6,descending,0.456435465,0.25
121,1,untrained,48,1.2,0,1,1.4,0.6,descending,0.456435465,0.25
121,1,untrained,49,1.1,0,1,1.4,0.6,descending,0.456435465,0.25
121,1,untrained,50,1,0,0,1.4,0.6,descending,0.456435465,0.25
121,1,untrained,51,0.9,1,1,1.4,0.6,descending,0.456435465,0.25
121,1,untrained,52,0.8,0,0,1.4,0.6,descending,0.456435465,0.25
121,1,untrained,53,0.7,0,0,1.4,0.6,descending,0.456435465,0.25
121,1,untrained,54,0.6,1,1,1.4,0.6,descending,0.456435465,0.25
121,1,untrained,55,0.6,1,1,0.6,1.4,ascending,0.519615242,0.277777778
121,1,untrained,56,0.7,0,0,0.6,1.4,ascending,0.519615242,0.277777778
121,1,untrained,57,0.8,0,0,0.6,1.4,ascending,0.519615242,0.277777778
121,1,untrained,58,0.9,0,0,0.6,1.4,ascending,0.519615242,0.277777778
121,1,untrained,59,1,0,0,0.6,1.4,ascending,0.519615242,0.277777778
121,1,untrained,60,1.1,0,1,0.6,1.4,ascending,0.519615242,0.277777778
121,1,untrained,61,1.2,0,1,0.6,1.4,ascending,0.519615242,0.277777778
121,1,untrained,62,1.3,0,1,0.6,1.4,ascending,0.519615242,0.277777778
121,1,untrained,63,1.4,0,1,0.6,1.4,ascending,0.519615242,0.277777778
121,1,untrained,64,1.4,0,1,1.4,0.6,descending,0.547722558,0.111111111
121,1,untrained,65,1.3,0,1,1.4,0.6,descending,0.547722558,0.111111111
121,1,untrained,66,1.2,0,1,1.4,0.6,descending,0.547722558,0.111111111
121,1,untrained,67,1.1,0,1,1.4,0.6,descending,0.547722558,0.111111111
121,1,untrained,68,1,1,1,1.4,0.6,descending,0.547722558,0.111111111
121,1,untrained,69,0.9,1,1,1.4,0.6,descending,0.547722558,0.111111111
121,1,untrained,70,0.8,1,1,1.4,0.6,descending,0.547722558,0.111111111
121,1,untrained,71,0.7,1,1,1.4,0.6,descending,0.547722558,0.111111111
121,1,untrained,72,0.6,0,0,1.4,0.6,descending,0.547722558,0.111111111
121,2,trained,19,1.4,0,1,1.4,0.6,descending,0.724568837,0.194444444
121,2,trained,20,1.3,0,1,1.4,0.6,descending,0.724568837,0.194444444
121,2,trained,21,1.2,0,1,1.4,0.6,descending,0.724568837,0.194444444
121,2,trained,22,1.1,0,1,1.4,0.6,descending,0.724568837,0.194444444
121,2,trained,23,1,1,1,1.4,0.6,descending,0.724568837,0.194444444
121,2,trained,24,0.9,1,1,1.4,0.6,descending,0.724568837,0.194444444
121,2,trained,25,0.8,1,1,1.4,0.6,descending,0.724568837,0.194444444
121,2,trained,26,0.7,0,0,1.4,0.6,descending,0.724568837,0.194444444
121,2,trained,27,0.6,0,0,1.4,0.6,descending,0.724568837,0.194444444
121,2,trained,28,0.6,1,1,0.6,1.4,ascending,0.456435465,0.25
121,2,trained,29,0.7,0,0,0.6,1.4,ascending,0.456435465,0.25
121,2,trained,30,0.8,0,0,0.6,1.4,ascending,0.456435465,0.25
121,2,trained,31,0.9,1,1,0.6,1.4,ascending,0.456435465,0.25
121,2,trained,32,1,0,0,0.6,1.4,ascending,0.456435465,0.25
121,2,trained,33,1.1,0,1,0.6,1.4,ascending,0.456435465,0.25
121,2,trained,34,1.2,0,1,0.6,1.4,ascending,0.456435465,0.25
121,2,trained,35,1.3,0,1,0.6,1.4,ascending,0.456435465,0.25
121,2,trained,36,1.4,0,1,0.6,1.4,ascending,0.456435465,0.25
121,2,trained,55,1.4,0,1,1.4,0.6,descending,0.730296743,0.25
121,2,trained,56,1.3,0,1,1.4,0.6,descending,0.730296743,0.25
121,2,trained,57,1.2,0,1,1.4,0.6,descending,0.730296743,0.25
121,2,trained,58,1.1,0,1,1.4,0.6,descending,0.730296743,0.25
121,2,trained,59,1,1,1,1.4,0.6,descending,0.730296743,0.25
121,2,trained,60,0.9,0,0,1.4,0.6,descending,0.730296743,0.25
121,2,trained,61,0.8,1,1,1.4,0.6,descending,0.730296743,0.25
121,2,trained,62,0.7,0,0,1.4,0.6,descending,0.730296743,0.25
121,2,trained,63,0.6,0,0,1.4,0.6,descending,0.730296743,0.25
121,2,trained,64,0.6,0,0,0.6,1.4,ascending,0.547722558,0.111111111
121,2,trained,65,0.7,1,1,0.6,1.4,ascending,0.547722558,0.111111111
121,2,trained,66,0.8,1,1,0.6,1.4,ascending,0.547722558,0.111111111
121,2,trained,67,0.9,1,1,0.6,1.4,ascending,0.547722558,0.111111111
121,2,trained,68,1,1,1,0.6,1.4,ascending,0.547722558,0.111111111
121,2,trained,69,1.1,0,1,0.6,1.4,ascending,0.547722558,0.111111111
121,2,trained,70,1.2,0,1,0.6,1.4,ascending,0.547722558,0.111111111
121,2,trained,71,1.3,0,1,0.6,1.4,ascending,0.547722558,0.111111111
121,2,trained,72,1.4,0,1,0.6,1.4,ascending,0.547722558,0.111111111
122,1,trained,1,0.6,0,0,0.6,1.4,ascending,0.724568837,0.194444444
122,1,trained,2,0.7,0,0,0.6,1.4,ascending,0.724568837,0.194444444
122,1,trained,3,0.8,1,1,0.6,1.4,ascending,0.724568837,0.194444444
122,1,trained,4,0.9,1,1,0.6,1.4,ascending,0.724568837,0.194444444
122,1,trained,5,1,1,1,0.6,1.4,ascending,0.724568837,0.194444444
122,1,trained,6,1.1,0,1,0.6,1.4,ascending,0.724568837,0.194444444
122,1,trained,7,1.2,0,1,0.6,1.4,ascending,0.724568837,0.194444444
122,1,trained,8,1.3,0,1,0.6,1.4,ascending,0.724568837,0.194444444
122,1,trained,9,1.4,0,1,0.6,1.4,ascending,0.724568837,0.194444444
122,1,trained,10,1.4,0,1,1.4,0.6,descending,0.866025404,0.277777778
122,1,trained,11,1.3,0,1,1.4,0.6,descending,0.866025404,0.277777778
122,1,trained,12,1.2,0,1,1.4,0.6,descending,0.866025404,0.277777778
122,1,trained,13,1.1,0,1,1.4,0.6,descending,0.866025404,0.277777778
122,1,trained,14,1,1,1,1.4,0.6,descending,0.866025404,0.277777778
122,1,trained,15,0.9,0,0,1.4,0.6,descending,0.866025404,0.277777778
122,1,trained,16,0.8,0,0,1.4,0.6,descending,0.866025404,0.277777778
122,1,trained,17,0.7,0,0,1.4,0.6,descending,0.866025404,0.277777778
122,1,trained,18,0.6,0,0,1.4,0.6,descending,0.866025404,0.277777778
122,1,trained,19,0.6,0,0,0.6,1.4,ascending,0.821583836,0.25
122,1,trained,20,0.7,0,0,0.6,1.4,ascending,0.821583836,0.25
122,1,trained,21,0.8,0,0,0.6,1.4,ascending,0.821583836,0.25
122,1,trained,22,0.9,1,1,0.6,1.4,ascending,0.821583836,0.25
122,1,trained,23,1,1,1,0.6,1.4,ascending,0.821583836,0.25
122,1,trained,24,1.1,0,1,0.6,1.4,ascending,0.821583836,0.25
122,1,trained,25,1.2,0,1,0.6,1.4,ascending,0.821583836,0.25
122,1,trained,26,1.3,0,1,0.6,1.4,ascending,0.821583836,0.25
122,1,trained,27,1.4,0,1,0.6,1.4,ascending,0.821583836,0.25
122,1,trained,28,1.4,0,1,1.4,0.6,descending,0.821583836,0.25
122,1,trained,29,1.3,0,1,1.4,0.6,descending,0.821583836,0.25
122,1,trained,30,1.2,0,1,1.4,0.6,descending,0.821583836,0.25
122,1,trained,31,1.1,0,1,1.4,0.6,descending,0.821583836,0.25
122,1,trained,32,1,1,1,1.4,0.6,descending,0.821583836,0.25
122,1,trained,33,0.9,1,1,1.4,0.6,descending,0.821583836,0.25
122,1,trained,34,0.8,0,0,1.4,0.6,descending,0.821583836,0.25
122,1,trained,35,0.7,0,0,1.4,0.6,descending,0.821583836,0.25
122,1,trained,36,0.6,0,0,1.4,0.6,descending,0.821583836,0.25
122,1,trained,37,0.6,0,0,0.6,1.4,ascending,0.821583836,0.25
122,1,trained,38,0.7,0,0,0.6,1.4,ascending,0.821583836,0.25
122,1,trained,39,0.8,0,0,0.6,1.4,ascending,0.821583836,0.25
122,1,trained,40,0.9,1,1,0.6,1.4,ascending,0.821583836,0.25
122,1,trained,41,1,1,1,0.6,1.4,ascending,0.821583836,0.25
122,1,trained,42,1.1,0,1,0.6,1.4,ascending,0.821583836,0.25
122,1,trained,43,1.2,0,1,0.6,1.4,ascending,0.821583836,0.25
122,1,trained,44,1.3,0,1,0.6,1.4,ascending,0.821583836,0.25
122,1,trained,45,1.4,0,1,0.6,1.4,ascending,0.821583836,0.25
122,1,trained,46,1.4,0,1,1.4,0.6,descending,0.821583836,0.25
122,1,trained,47,1.3,0,1,1.4,0.6,descending,0.821583836,0.25
122,1,trained,48,1.2,0,1,1.4,0.6,descending,0.821583836,0.25
122,1,trained,49,1.1,0,1,1.4,0.6,descending,0.821583836,0.25
122,1,trained,50,1,1,1,1.4,0.6,descending,0.821583836,0.25
122,1,trained,51,0.9,1,1,1.4,0.6,descending,0.821583836,0.25
122,1,trained,52,0.8,0,0,1.4,0.6,descending,0.821583836,0.25
122,1,trained,53,0.7,0,0,1.4,0.6,descending,0.821583836,0.25
122,1,trained,54,0.6,0,0,1.4,0.6,descending,0.821583836,0.25
122,1,trained,55,0.6,0,0,0.6,1.4,ascending,0.821583836,0.25
122,1,trained,56,0.7,0,0,0.6,1.4,ascending,0.821583836,0.25
122,1,trained,57,0.8,0,0,0.6,1.4,ascending,0.821583836,0.25
122,1,trained,58,0.9,1,1,0.6,1.4,ascending,0.821583836,0.25
122,1,trained,59,1,1,1,0.6,1.4,ascending,0.821583836,0.25
122,1,trained,60,1.1,0,1,0.6,1.4,ascending,0.821583836,0.25
122,1,trained,61,1.2,0,1,0.6,1.4,ascending,0.821583836,0.25
122,1,trained,62,1.3,0,1,0.6,1.4,ascending,0.821583836,0.25
122,1,trained,63,1.4,0,1,0.6,1.4,ascending,0.821583836,0.25
122,1,trained,64,1.4,0,1,1.4,0.6,descending,0.547722558,0.111111111
122,1,trained,65,1.3,0,1,1.4,0.6,descending,0.547722558,0.111111111
122,1,trained,66,1.2,0,1,1.4,0.6,descending,0.547722558,0.111111111
122,1,trained,67,1.1,0,1,1.4,0.6,descending,0.547722558,0.111111111
122,1,trained,68,1,1,1,1.4,0.6,descending,0.547722558,0.111111111
122,1,trained,69,0.9,1,1,1.4,0.6,descending,0.547722558,0.111111111
122,1,trained,70,0.8,1,1,1.4,0.6,descending,0.547722558,0.111111111
122,1,trained,71,0.7,1,1,1.4,0.6,descending,0.547722558,0.111111111
122,1,trained,72,0.6,0,0,1.4,0.6,descending,0.547722558,0.111111111
122,2,untrained,10,0.6,0,0,0.6,1.4,ascending,0.63900965,0.25
122,2,untrained,11,0.7,1,1,0.6,1.4,ascending,0.63900965,0.25
122,2,untrained,12,0.8,0,0,0.6,1.4,ascending,0.63900965,0.25
122,2,untrained,13,0.9,0,0,0.6,1.4,ascending,0.63900965,0.25
122,2,untrained,14,1,1,1,0.6,1.4,ascending,0.63900965,0.25
122,2,untrained,15,1.1,0,1,0.6,1.4,ascending,0.63900965,0.25
122,2,untrained,16,1.2,0,1,0.6,1.4,ascending,0.63900965,0.25
122,2,untrained,17,1.3,0,1,0.6,1.4,ascending,0.63900965,0.25
122,2,untrained,18,1.4,0,1,0.6,1.4,ascending,0.63900965,0.25
122,2,untrained,19,1.4,0,1,1.4,0.6,descending,0.692820323,0.277777778
122,2,untrained,20,1.3,0,1,1.4,0.6,descending,0.692820323,0.277777778
122,2,untrained,21,1.2,0,1,1.4,0.6,descending,0.692820323,0.277777778
122,2,untrained,22,1.1,0,1,1.4,0.6,descending,0.692820323,0.277777778
122,2,untrained,23,1,0,0,1.4,0.6,descending,0.692820323,0.277777778
122,2,untrained,24,0.9,0,0,1.4,0.6,descending,0.692820323,0.277777778
122,2,untrained,25,0.8,1,1,1.4,0.6,descending,0.692820323,0.277777778
122,2,untrained,26,0.7,0,0,1.4,0.6,descending,0.692820323,0.277777778
122,2,untrained,27,0.6,0,0,1.4,0.6,descending,0.692820323,0.277777778
122,2,untrained,28,0.6,0,0,0.6,1.4,ascending,0.821583836,0.25
122,2,untrained,29,0.7,0,0,0.6,1.4,ascending,0.821583836,0.25
122,2,untrained,30,0.8,0,0,0.6,1.4,ascending,0.821583836,0.25
122,2,untrained,31,0.9,1,1,0.6,1.4,ascending,0.821583836,0.25
122,2,untrained,32,1,1,1,0.6,1.4,ascending,0.821583836,0.25
122,2,untrained,33,1.1,0,1,0.6,1.4,ascending,0.821583836,0.25
122,2,untrained,34,1.2,0,1,0.6,1.4,ascending,0.821583836,0.25
122,2,untrained,35,1.3,0,1,0.6,1.4,ascending,0.821583836,0.25
122,2,untrained,36,1.4,0,1,0.6,1.4,ascending,0.821583836,0.25
122,2,untrained,37,1.4,0,1,1.4,0.6,descending,0.866025404,0.277777778
122,2,untrained,38,1.3,0,1,1.4,0.6,descending,0.866025404,0.277777778
122,2,untrained,39,1.2,0,1,1.4,0.6,descending,0.866025404,0.277777778
122,2,untrained,40,1.1,0,1,1.4,0.6,descending,0.866025404,0.277777778
122,2,untrained,41,1,1,1,1.4,0.6,descending,0.866025404,0.277777778
122,2,untrained,42,0.9,0,0,1.4,0.6,descending,0.866025404,0.277777778
122,2,untrained,43,0.8,0,0,1.4,0.6,descending,0.866025404,0.277777778
122,2,untrained,44,0.7,0,0,1.4,0.6,descending,0.866025404,0.277777778
122,2,untrained,45,0.6,0,0,1.4,0.6,descending,0.866025404,0.277777778
122,2,untrained,46,0.6,0,0,0.6,1.4,ascending,0.730296743,0.25
122,2,untrained,47,0.7,0,0,0.6,1.4,ascending,0.730296743,0.25
122,2,untrained,48,0.8,1,1,0.6,1.4,ascending,0.730296743,0.25
122,2,untrained,49,0.9,0,0,0.6,1.4,ascending,0.730296743,0.25
122,2,untrained,50,1,1,1,0.6,1.4,ascending,0.730296743,0.25
122,2,untrained,51,1.1,0,1,0.6,1.4,ascending,0.730296743,0.25
122,2,untrained,52,1.2,0,1,0.6,1.4,ascending,0.730296743,0.25
122,2,untrained,53,1.3,0,1,0.6,1.4,ascending,0.730296743,0.25
122,2,untrained,54,1.4,0,1,0.6,1.4,ascending,0.730296743,0.25
122,2,untrained,55,1.4,0,1,1.4,0.6,descending,0.866025404,0.277777778
122,2,untrained,56,1.3,0,1,1.4,0.6,descending,0.866025404,0.277777778
122,2,untrained,57,1.2,0,1,1.4,0.6,descending,0.866025404,0.277777778
122,2,untrained,58,1.1,0,1,1.4,0.6,descending,0.866025404,0.277777778
122,2,untrained,59,1,0,0,1.4,0.6,descending,0.866025404,0.277777778
122,2,untrained,60,0.9,0,0,1.4,0.6,descending,0.866025404,0.277777778
122,2,untrained,61,0.8,0,0,1.4,0.6,descending,0.866025404,0.277777778
122,2,untrained,62,0.7,0,0,1.4,0.6,descending,0.866025404,0.277777778
122,2,untrained,63,0.6,0,0,1.4,0.6,descending,0.866025404,0.277777778
122,2,untrained,64,0.6,0,0,0.6,1.4,ascending,0.621059003,0.194444444
122,2,untrained,65,0.7,1,1,0.6,1.4,ascending,0.621059003,0.194444444
122,2,untrained,66,0.8,0,0,0.6,1.4,ascending,0.621059003,0.194444444
122,2,untrained,67,0.9,1,1,0.6,1.4,ascending,0.621059003,0.194444444
122,2,untrained,68,1,1,1,0.6,1.4,ascending,0.621059003,0.194444444
122,2,untrained,69,1.1,0,1,0.6,1.4,ascending,0.621059003,0.194444444
122,2,untrained,70,1.2,0,1,0.6,1.4,ascending,0.621059003,0.194444444
122,2,untrained,71,1.3,0,1,0.6,1.4,ascending,0.621059003,0.194444444
122,2,untrained,72,1.4,0,1,0.6,1.4,ascending,0.621059003,0.194444444
123,1,trained,1,0.6,1,1,0.6,1.4,ascending,0.456435465,0.25
123,1,trained,2,0.7,0,0,0.6,1.4,ascending,0.456435465,0.25
123,1,trained,3,0.8,0,0,0.6,1.4,ascending,0.456435465,0.25
123,1,trained,4,0.9,1,1,0.6,1.4,ascending,0.456435465,0.25
123,1,trained,5,1,0,0,0.6,1.4,ascending,0.456435465,0.25
123,1,trained,6,1.1,0,1,0.6,1.4,ascending,0.456435465,0.25
123,1,trained,7,1.2,0,1,0.6,1.4,ascending,0.456435465,0.25
123,1,trained,8,1.3,0,1,0.6,1.4,ascending,0.456435465,0.25
123,1,trained,9,1.4,0,1,0.6,1.4,ascending,0.456435465,0.25
123,1,trained,19,0.6,0,0,0.6,1.4,ascending,0.866025404,0.277777778
123,1,trained,20,0.7,0,0,0.6,1.4,ascending,0.866025404,0.277777778
123,1,trained,21,0.8,0,0,0.6,1.4,ascending,0.866025404,0.277777778
123,1,trained,22,0.9,0,0,0.6,1.4,ascending,0.866025404,0.277777778
123,1,trained,23,1,0,0,0.6,1.4,ascending,0.866025404,0.277777778
123,1,trained,24,1.1,0,1,0.6,1.4,ascending,0.866025404,0.277777778
123,1,trained,25,1.2,0,1,0.6,1.4,ascending,0.866025404,0.277777778
123,1,trained,26,1.3,0,1,0.6,1.4,ascending,0.866025404,0.277777778
123,1,trained,27,1.4,0,1,0.6,1.4,ascending,0.866025404,0.277777778
123,1,trained,28,1.4,0,1,1.4,0.6,descending,0.63900965,0.25
123,1,trained,29,1.3,0,1,1.4,0.6,descending,0.63900965,0.25
123,1,trained,30,1.2,0,1,1.4,0.6,descending,0.63900965,0.25
123,1,trained,31,1.1,0,1,1.4,0.6,descending,0.63900965,0.25
123,1,trained,32,1,0,0,1.4,0.6,descending,0.63900965,0.25
123,1,trained,33,0.9,1,1,1.4,0.6,descending,0.63900965,0.25
123,1,trained,34,0.8,1,1,1.4,0.6,descending,0.63900965,0.25
123,1,trained,35,0.7,0,0,1.4,0.6,descending,0.63900965,0.25
123,1,trained,36,0.6,0,0,1.4,0.6,descending,0.63900965,0.25
123,1,trained,37,0.6,0,0,0.6,1.4,ascending,0.821583836,0.25
123,1,trained,38,0.7,0,0,0.6,1.4,ascending,0.821583836,0.25
123,1,trained,39,0.8,0,0,0.6,1.4,ascending,0.821583836,0.25
123,1,trained,40,0.9,1,1,0.6,1.4,ascending,0.821583836,0.25
123,1,trained,41,1,1,1,0.6,1.4,ascending,0.821583836,0.25
123,1,trained,42,1.1,0,1,0.6,1.4,ascending,0.821583836,0.25
123,1,trained,43,1.2,0,1,0.6,1.4,ascending,0.821583836,0.25
123,1,trained,44,1.3,0,1,0.6,1.4,ascending,0.821583836,0.25
123,1,trained,45,1.4,0,1,0.6,1.4,ascending,0.821583836,0.25
123,1,trained,46,1.4,0,1,1.4,0.6,descending,0.51754917,0.194444444
123,1,trained,47,1.3,0,1,1.4,0.6,descending,0.51754917,0.194444444
123,1,trained,48,1.2,0,1,1.4,0.6,descending,0.51754917,0.194444444
123,1,trained,49,1.1,0,1,1.4,0.6,descending,0.51754917,0.194444444
123,1,trained,50,1,1,1,1.4,0.6,descending,0.51754917,0.194444444
123,1,trained,51,0.9,1,1,1.4,0.6,descending,0.51754917,0.194444444
123,1,trained,52,0.8,0,0,1.4,0.6,descending,0.51754917,0.194444444
123,1,trained,53,0.7,0,0,1.4,0.6,descending,0.51754917,0.194444444
123,1,trained,54,0.6,1,1,1.4,0.6,descending,0.51754917,0.194444444
123,1,trained,55,0.6,1,1,0.6,1.4,ascending,0.456435465,0.25
123,1,trained,56,0.7,0,0,0.6,1.4,ascending,0.456435465,0.25
123,1,trained,57,0.8,0,0,0.6,1.4,ascending,0.456435465,0.25
123,1,trained,58,0.9,1,1,0.6,1.4,ascending,0.456435465,0.25
123,1,trained,59,1,0,0,0.6,1.4,ascending,0.456435465,0.25
123,1,trained,60,1.1,0,1,0.6,1.4,ascending,0.456435465,0.25
123,1,trained,61,1.2,0,1,0.6,1.4,ascending,0.456435465,0.25
123,1,trained,62,1.3,0,1,0.6,1.4,ascending,0.456435465,0.25
123,1,trained,63,1.4,0,1,0.6,1.4,ascending,0.456435465,0.25
123,1,trained,64,1.4,0,1,1.4,0.6,descending,0.779422863,0.277777778
123,1,trained,65,1.3,0,1,1.4,0.6,descending,0.779422863,0.277777778
123,1,trained,66,1.2,0,1,1.4,0.6,descending,0.779422863,0.277777778
123,1,trained,67,1.1,1,0,1.4,0.6,descending,0.779422863,0.277777778
123,1,trained,68,1,1,1,1.4,0.6,descending,0.779422863,0.277777778
123,1,trained,69,0.9,0,0,1.4,0.6,descending,0.779422863,0.277777778
123,1,trained,70,0.8,0,0,1.4,0.6,descending,0.779422863,0.277777778
123,1,trained,71,0.7,0,0,1.4,0.6,descending,0.779422863,0.277777778
123,1,trained,72,0.6,0,0,1.4,0.6,descending,0.779422863,0.277777778
123,2,untrained,1,1.4,0,1,1.4,0.6,descending,0.606217783,0.277777778
123,2,untrained,2,1.3,0,1,1.4,0.6,descending,0.606217783,0.277777778
123,2,untrained,3,1.2,0,1,1.4,0.6,descending,0.606217783,0.277777778
123,2,untrained,4,1.1,1,0,1.4,0.6,descending,0.606217783,0.277777778
123,2,untrained,5,1,1,1,1.4,0.6,descending,0.606217783,0.277777778
123,2,untrained,6,0.9,0,0,1.4,0.6,descending,0.606217783,0.277777778
123,2,untrained,7,0.8,1,1,1.4,0.6,descending,0.606217783,0.277777778
123,2,untrained,8,0.7,0,0,1.4,0.6,descending,0.606217783,0.277777778
123,2,untrained,9,0.6,0,0,1.4,0.6,descending,0.606217783,0.277777778
123,2,untrained,10,0.6,0,0,0.6,1.4,ascending,0.779422863,0.277777778
123,2,untrained,11,0.7,0,0,0.6,1.4,ascending,0.779422863,0.277777778
123,2,untrained,12,0.8,0,0,0.6,1.4,ascending,0.779422863,0.277777778
123,2,untrained,13,0.9,0,0,0.6,1.4,ascending,0.779422863,0.277777778
123,2,untrained,14,1,1,1,0.6,1.4,ascending,0.779422863,0.277777778
123,2,untrained,15,1.1,1,0,0.6,1.4,ascending,0.779422863,0.277777778
123,2,untrained,16,1.2,0,1,0.6,1.4,ascending,0.779422863,0.277777778
123,2,untrained,17,1.3,0,1,0.6,1.4,ascending,0.779422863,0.277777778
123,2,untrained,18,1.4,0,1,0.6,1.4,ascending,0.779422863,0.277777778
123,2,untrained,19,1.4,0,1,1.4,0.6,descending,0.866025404,0.277777778
123,2,untrained,20,1.3,0,1,1.4,0.6,descending,0.866025404,0.277777778
123,2,untrained,21,1.2,0,1,1.4,0.6,descending,0.866025404,0.277777778
123,2,untrained,22,1.1,0,1,1.4,0.6,descending,0.866025404,0.277777778
123,2,untrained,23,1,1,1,1.4,0.6,descending,0.866025404,0.277777778
123,2,untrained,24,0.9,0,0,1.4,0.6,descending,0.866025404,0.277777778
123,2,untrained,25,0.8,0,0,1.4,0.6,descending,0.866025404,0.277777778
123,2,untrained,26,0.7,0,0,1.4,0.6,descending,0.866025404,0.277777778
123,2,untrained,27,0.6,0,0,1.4,0.6,descending,0.866025404,0.277777778
123,2,untrained,37,1.4,0,1,1.4,0.6,descending,0.779422863,0.277777778
123,2,untrained,38,1.3,0,1,1.4,0.6,descending,0.779422863,0.277777778
123,2,untrained,39,1.2,0,1,1.4,0.6,descending,0.779422863,0.277777778
123,2,untrained,40,1.1,0,1,1.4,0.6,descending,0.779422863,0.277777778
123,2,untrained,41,1,0,0,1.4,0.6,descending,0.779422863,0.277777778
123,2,untrained,42,0.9,1,1,1.4,0.6,descending,0.779422863,0.277777778
123,2,untrained,43,0.8,0,0,1.4,0.6,descending,0.779422863,0.277777778
123,2,untrained,44,0.7,0,0,1.4,0.6,descending,0.779422863,0.277777778
123,2,untrained,45,0.6,0,0,1.4,0.6,descending,0.779422863,0.277777778
123,2,untrained,46,0.6,0,0,0.6,1.4,ascending,0.606217783,0.277777778
123,2,untrained,47,0.7,0,0,0.6,1.4,ascending,0.606217783,0.277777778
123,2,untrained,48,0.8,0,0,0.6,1.4,ascending,0.606217783,0.277777778
123,2,untrained,49,0.9,0,0,0.6,1.4,ascending,0.606217783,0.277777778
123,2,untrained,50,1,1,1,0.6,1.4,ascending,0.606217783,0.277777778
123,2,untrained,51,1.1,0,1,0.6,1.4,ascending,0.606217783,0.277777778
123,2,untrained,52,1.2,0,1,0.6,1.4,ascending,0.606217783,0.277777778
123,2,untrained,53,1.3,1,0,0.6,1.4,ascending,0.606217783,0.277777778
123,2,untrained,54,1.4,0,1,0.6,1.4,ascending,0.606217783,0.277777778
123,2,untrained,55,1.4,0,1,1.4,0.6,descending,0.692820323,0.277777778
123,2,untrained,56,1.3,0,1,1.4,0.6,descending,0.692820323,0.277777778
123,2,untrained,57,1.2,0,1,1.4,0.6,descending,0.692820323,0.277777778
123,2,untrained,58,1.1,0,1,1.4,0.6,descending,0.692820323,0.277777778
123,2,untrained,59,1,0,0,1.4,0.6,descending,0.692820323,0.277777778
123,2,untrained,60,0.9,0,0,1.4,0.6,descending,0.692820323,0.277777778
123,2,untrained,61,0.8,1,1,1.4,0.6,descending,0.692820323,0.277777778
123,2,untrained,62,0.7,0,0,1.4,0.6,descending,0.692820323,0.277777778
123,2,untrained,63,0.6,0,0,1.4,0.6,descending,0.692820323,0.277777778
123,2,untrained,64,0.6,0,0,0.6,1.4,ascending,0.779422863,0.277777778
123,2,untrained,65,0.7,0,0,0.6,1.4,ascending,0.779422863,0.277777778
123,2,untrained,66,0.8,0,0,0.6,1.4,ascending,0.779422863,0.277777778
123,2,untrained,67,0.9,0,0,0.6,1.4,ascending,0.779422863,0.277777778
123,2,untrained,68,1,1,1,0.6,1.4,ascending,0.779422863,0.277777778
123,2,untrained,69,1.1,1,0,0.6,1.4,ascending,0.779422863,0.277777778
123,2,untrained,70,1.2,0,1,0.6,1.4,ascending,0.779422863,0.277777778
123,2,untrained,71,1.3,0,1,0.6,1.4,ascending,0.779422863,0.277777778
123,2,untrained,72,1.4,0,1,0.6,1.4,ascending,0.779422863,0.277777778
124,1,trained,1,0.6,0,0,0.6,1.4,ascending,0.730296743,0.25
124,1,trained,2,0.7,0,0,0.6,1.4,ascending,0.730296743,0.25
124,1,trained,3,0.8,1,1,0.6,1.4,ascending,0.730296743,0.25
124,1,trained,4,0.9,0,0,0.6,1.4,ascending,0.730296743,0.25
124,1,trained,5,1,1,1,0.6,1.4,ascending,0.730296743,0.25
124,1,trained,6,1.1,0,1,0.6,1.4,ascending,0.730296743,0.25
124,1,trained,7,1.2,0,1,0.6,1.4,ascending,0.730296743,0.25
124,1,trained,8,1.3,0,1,0.6,1.4,ascending,0.730296743,0.25
124,1,trained,9,1.4,0,1,0.6,1.4,ascending,0.730296743,0.25
124,1,trained,19,0.6,0,0,0.6,1.4,ascending,0.606217783,0.277777778
124,1,trained,20,0.7,1,1,0.6,1.4,ascending,0.606217783,0.277777778
124,1,trained,21,0.8,0,0,0.6,1.4,ascending,0.606217783,0.277777778
124,1,trained,22,0.9,0,0,0.6,1.4,ascending,0.606217783,0.277777778
124,1,trained,23,1,0,0,0.6,1.4,ascending,0.606217783,0.277777778
124,1,trained,24,1.1,0,1,0.6,1.4,ascending,0.606217783,0.277777778
124,1,trained,25,1.2,0,1,0.6,1.4,ascending,0.606217783,0.277777778
124,1,trained,26,1.3,0,1,0.6,1.4,ascending,0.606217783,0.277777778
124,1,trained,27,1.4,0,1,0.6,1.4,ascending,0.606217783,0.277777778
124,1,trained,46,1.4,0,1,1.4,0.6,descending,0.724568837,0.194444444
124,1,trained,47,1.3,0,1,1.4,0.6,descending,0.724568837,0.194444444
124,1,trained,48,1.2,0,1,1.4,0.6,descending,0.724568837,0.194444444
124,1,trained,49,1.1,0,1,1.4,0.6,descending,0.724568837,0.194444444
124,1,trained,50,1,1,1,1.4,0.6,descending,0.724568837,0.194444444
124,1,trained,51,0.9,1,1,1.4,0.6,descending,0.724568837,0.194444444
124,1,trained,52,0.8,1,1,1.4,0.6,descending,0.724568837,0.194444444
124,1,trained,53,0.7,0,0,1.4,0.6,descending,0.724568837,0.194444444
124,1,trained,54,0.6,0,0,1.4,0.6,descending,0.724568837,0.194444444
124,1,trained,55,0.6,0,0,0.6,1.4,ascending,0.724568837,0.194444444
124,1,trained,56,0.7,0,0,0.6,1.4,ascending,0.724568837,0.194444444
124,1,trained,57,0.8,1,1,0.6,1.4,ascending,0.724568837,0.194444444
124,1,trained,58,0.9,1,1,0.6,1.4,ascending,0.724568837,0.194444444
124,1,trained,59,1,1,1,0.6,1.4,ascending,0.724568837,0.194444444
124,1,trained,60,1.1,0,1,0.6,1.4,ascending,0.724568837,0.194444444
124,1,trained,61,1.2,0,1,0.6,1.4,ascending,0.724568837,0.194444444
124,1,trained,62,1.3,0,1,0.6,1.4,ascending,0.724568837,0.194444444
124,1,trained,63,1.4,0,1,0.6,1.4,ascending,0.724568837,0.194444444
124,1,trained,64,1.4,0,1,1.4,0.6,descending,0.547722558,0.111111111
124,1,trained,65,1.3,0,1,1.4,0.6,descending,0.547722558,0.111111111
124,1,trained,66,1.2,0,1,1.4,0.6,descending,0.547722558,0.111111111
124,1,trained,67,1.1,0,1,1.4,0.6,descending,0.547722558,0.111111111
124,1,trained,68,1,1,1,1.4,0.6,descending,0.547722558,0.111111111
124,1,trained,69,0.9,1,1,1.4,0.6,descending,0.547722558,0.111111111
124,1,trained,70,0.8,1,1,1.4,0.6,descending,0.547722558,0.111111111
124,1,trained,71,0.7,1,1,1.4,0.6,descending,0.547722558,0.111111111
124,1,trained,72,0.6,0,0,1.4,0.6,descending,0.547722558,0.111111111
124,2,untrained,1,1.4,0,1,1.4,0.6,descending,0.547722558,0.111111111
124,2,untrained,2,1.3,0,1,1.4,0.6,descending,0.547722558,0.111111111
124,2,untrained,3,1.2,0,1,1.4,0.6,descending,0.547722558,0.111111111
124,2,untrained,4,1.1,0,1,1.4,0.6,descending,0.547722558,0.111111111
124,2,untrained,5,1,1,1,1.4,0.6,descending,0.547722558,0.111111111
124,2,untrained,6,0.9,1,1,1.4,0.6,descending,0.547722558,0.111111111
124,2,untrained,7,0.8,1,1,1.4,0.6,descending,0.547722558,0.111111111
124,2,untrained,8,0.7,1,1,1.4,0.6,descending,0.547722558,0.111111111
124,2,untrained,9,0.6,0,0,1.4,0.6,descending,0.547722558,0.111111111
124,2,untrained,10,0.6,0,0,0.6,1.4,ascending,0.866025404,0.277777778
124,2,untrained,11,0.7,0,0,0.6,1.4,ascending,0.866025404,0.277777778
124,2,untrained,12,0.8,0,0,0.6,1.4,ascending,0.866025404,0.277777778
124,2,untrained,13,0.9,0,0,0.6,1.4,ascending,0.866025404,0.277777778
124,2,untrained,14,1,1,1,0.6,1.4,ascending,0.866025404,0.277777778
124,2,untrained,15,1.1,0,1,0.6,1.4,ascending,0.866025404,0.277777778
124,2,untrained,16,1.2,0,1,0.6,1.4,ascending,0.866025404,0.277777778
124,2,untrained,17,1.3,0,1,0.6,1.4,ascending,0.866025404,0.277777778
124,2,untrained,18,1.4,0,1,0.6,1.4,ascending,0.866025404,0.277777778
124,2,untrained,19,1.4,0,1,1.4,0.6,descending,0.779422863,0.277777778
124,2,untrained,20,1.3,0,1,1.4,0.6,descending,0.779422863,0.277777778
124,2,untrained,21,1.2,0,1,1.4,0.6,descending,0.779422863,0.277777778
124,2,untrained,22,1.1,0,1,1.4,0.6,descending,0.779422863,0.277777778
124,2,untrained,23,1,0,0,1.4,0.6,descending,0.779422863,0.277777778
124,2,untrained,24,0.9,1,1,1.4,0.6,descending,0.779422863,0.277777778
124,2,untrained,25,0.8,0,0,1.4,0.6,descending,0.779422863,0.277777778
124,2,untrained,26,0.7,0,0,1.4,0.6,descending,0.779422863,0.277777778
124,2,untrained,27,0.6,0,0,1.4,0.6,descending,0.779422863,0.277777778
124,2,untrained,46,0.6,0,0,0.6,1.4,ascending,0.724568837,0.194444444
124,2,untrained,47,0.7,0,0,0.6,1.4,ascending,0.724568837,0.194444444
124,2,untrained,48,0.8,1,1,0.6,1.4,ascending,0.724568837,0.194444444
124,2,untrained,49,0.9,1,1,0.6,1.4,ascending,0.724568837,0.194444444
124,2,untrained,50,1,1,1,0.6,1.4,ascending,0.724568837,0.194444444
124,2,untrained,51,1.1,0,1,0.6,1.4,ascending,0.724568837,0.194444444
124,2,untrained,52,1.2,0,1,0.6,1.4,ascending,0.724568837,0.194444444
124,2,untrained,53,1.3,0,1,0.6,1.4,ascending,0.724568837,0.194444444
124,2,untrained,54,1.4,0,1,0.6,1.4,ascending,0.724568837,0.194444444
124,2,untrained,64,0.6,1,1,0.6,1.4,ascending,0.547722558,0.25
124,2,untrained,65,0.7,0,0,0.6,1.4,ascending,0.547722558,0.25
124,2,untrained,66,0.8,0,0,0.6,1.4,ascending,0.547722558,0.25
124,2,untrained,67,0.9,0,0,0.6,1.4,ascending,0.547722558,0.25
124,2,untrained,68,1,1,1,0.6,1.4,ascending,0.547722558,0.25
124,2,untrained,69,1.1,0,1,0.6,1.4,ascending,0.547722558,0.25
124,2,untrained,70,1.2,0,1,0.6,1.4,ascending,0.547722558,0.25
124,2,untrained,71,1.3,0,1,0.6,1.4,ascending,0.547722558,0.25
124,2,untrained,72,1.4,0,1,0.6,1.4,ascending,0.547722558,0.25
126,1,trained,1,0.6,0,0,0.6,1.4,ascending,0.821583836,0.25
126,1,trained,2,0.7,0,0,0.6,1.4,ascending,0.821583836,0.25
126,1,trained,3,0.8,0,0,0.6,1.4,ascending,0.821583836,0.25
126,1,trained,4,0.9,1,1,0.6,1.4,ascending,0.821583836,0.25
126,1,trained,5,1,1,1,0.6,1.4,ascending,0.821583836,0.25
126,1,trained,6,1.1,0,1,0.6,1.4,ascending,0.821583836,0.25
126,1,trained,7,1.2,0,1,0.6,1.4,ascending,0.821583836,0.25
126,1,trained,8,1.3,0,1,0.6,1.4,ascending,0.821583836,0.25
126,1,trained,9,1.4,0,1,0.6,1.4,ascending,0.821583836,0.25
126,1,trained,10,1.4,0,1,1.4,0.6,descending,0.779422863,0.277777778
126,1,trained,11,1.3,0,1,1.4,0.6,descending,0.779422863,0.277777778
126,1,trained,12,1.2,0,1,1.4,0.6,descending,0.779422863,0.277777778
126,1,trained,13,1.1,1,0,1.4,0.6,descending,0.779422863,0.277777778
126,1,trained,14,1,1,1,1.4,0.6,descending,0.779422863,0.277777778
126,1,trained,15,0.9,0,0,1.4,0.6,descending,0.779422863,0.277777778
126,1,trained,16,0.8,0,0,1.4,0.6,descending,0.779422863,0.277777778
126,1,trained,17,0.7,0,0,1.4,0.6,descending,0.779422863,0.277777778
126,1,trained,18,0.6,0,0,1.4,0.6,descending,0.779422863,0.277777778
126,1,trained,19,0.6,0,0,0.6,1.4,ascending,0.866025404,0.277777778
126,1,trained,20,0.7,0,0,0.6,1.4,ascending,0.866025404,0.277777778
126,1,trained,21,0.8,0,0,0.6,1.4,ascending,0.866025404,0.277777778
126,1,trained,22,0.9,0,0,0.6,1.4,ascending,0.866025404,0.277777778
126,1,trained,23,1,1,1,0.6,1.4,ascending,0.866025404,0.277777778
126,1,trained,24,1.1,0,1,0.6,1.4,ascending,0.866025404,0.277777778
126,1,trained,25,1.2,0,1,0.6,1.4,ascending,0.866025404,0.277777778
126,1,trained,26,1.3,0,1,0.6,1.4,ascending,0.866025404,0.277777778
126,1,trained,27,1.4,0,1,0.6,1.4,ascending,0.866025404,0.277777778
126,1,trained,28,1.4,0,1,1.4,0.6,descending,0.866025404,0.277777778
126,1,trained,29,1.3,0,1,1.4,0.6,descending,0.866025404,0.277777778
126,1,trained,30,1.2,0,1,1.4,0.6,descending,0.866025404,0.277777778
126,1,trained,31,1.1,0,1,1.4,0.6,descending,0.866025404,0.277777778
126,1,trained,32,1,0,0,1.4,0.6,descending,0.866025404,0.277777778
126,1,trained,33,0.9,0,0,1.4,0.6,descending,0.866025404,0.277777778
126,1,trained,34,0.8,0,0,1.4,0.6,descending,0.866025404,0.277777778
126,1,trained,35,0.7,0,0,1.4,0.6,descending,0.866025404,0.277777778
126,1,trained,36,0.6,0,0,1.4,0.6,descending,0.866025404,0.277777778
126,1,trained,37,0.6,0,0,0.6,1.4,ascending,0.866025404,0.277777778
126,1,trained,38,0.7,0,0,0.6,1.4,ascending,0.866025404,0.277777778
126,1,trained,39,0.8,0,0,0.6,1.4,ascending,0.866025404,0.277777778
126,1,trained,40,0.9,0,0,0.6,1.4,ascending,0.866025404,0.277777778
126,1,trained,41,1,0,0,0.6,1.4,ascending,0.866025404,0.277777778
126,1,trained,42,1.1,0,1,0.6,1.4,ascending,0.866025404,0.277777778
126,1,trained,43,1.2,0,1,0.6,1.4,ascending,0.866025404,0.277777778
126,1,trained,44,1.3,0,1,0.6,1.4,ascending,0.866025404,0.277777778
126,1,trained,45,1.4,0,1,0.6,1.4,ascending,0.866025404,0.277777778
126,1,trained,46,1.4,0,1,1.4,0.6,descending,0.821583836,0.25
126,1,trained,47,1.3,0,1,1.4,0.6,descending,0.821583836,0.25
126,1,trained,48,1.2,0,1,1.4,0.6,descending,0.821583836,0.25
126,1,trained,49,1.1,1,0,1.4,0.6,descending,0.821583836,0.25
126,1,trained,50,1,0,0,1.4,0.6,descending,0.821583836,0.25
126,1,trained,51,0.9,0,0,1.4,0.6,descending,0.821583836,0.25
126,1,trained,52,0.8,0,0,1.4,0.6,descending,0.821583836,0.25
126,1,trained,53,0.7,0,0,1.4,0.6,descending,0.821583836,0.25
126,1,trained,54,0.6,0,0,1.4,0.6,descending,0.821583836,0.25
126,1,trained,55,0.6,0,0,0.6,1.4,ascending,0.866025404,0.277777778
126,1,trained,56,0.7,0,0,0.6,1.4,ascending,0.866025404,0.277777778
126,1,trained,57,0.8,0,0,0.6,1.4,ascending,0.866025404,0.277777778
126,1,trained,58,0.9,0,0,0.6,1.4,ascending,0.866025404,0.277777778
126,1,trained,59,1,1,1,0.6,1.4,ascending,0.866025404,0.277777778
126,1,trained,60,1.1,0,1,0.6,1.4,ascending,0.866025404,0.277777778
126,1,trained,61,1.2,0,1,0.6,1.4,ascending,0.866025404,0.277777778
126,1,trained,62,1.3,0,1,0.6,1.4,ascending,0.866025404,0.277777778
126,1,trained,63,1.4,0,1,0.6,1.4,ascending,0.866025404,0.277777778
126,1,trained,64,1.4,0,1,1.4,0.6,descending,0.866025404,0.277777778
126,1,trained,65,1.3,0,1,1.4,0.6,descending,0.866025404,0.277777778
126,1,trained,66,1.2,0,1,1.4,0.6,descending,0.866025404,0.277777778
126,1,trained,67,1.1,0,1,1.4,0.6,descending,0.866025404,0.277777778
126,1,trained,68,1,1,1,1.4,0.6,descending,0.866025404,0.277777778
126,1,trained,69,0.9,0,0,1.4,0.6,descending,0.866025404,0.277777778
126,1,trained,70,0.8,0,0,1.4,0.6,descending,0.866025404,0.277777778
126,1,trained,71,0.7,0,0,1.4,0.6,descending,0.866025404,0.277777778
126,1,trained,72,0.6,0,0,1.4,0.6,descending,0.866025404,0.277777778
126,2,untrained,10,0.6,0,0,0.6,1.4,ascending,0.821583836,0.25
126,2,untrained,11,0.7,0,0,0.6,1.4,ascending,0.821583836,0.25
126,2,untrained,12,0.8,0,0,0.6,1.4,ascending,0.821583836,0.25
126,2,untrained,13,0.9,0,0,0.6,1.4,ascending,0.821583836,0.25
126,2,untrained,14,1,0,0,0.6,1.4,ascending,0.821583836,0.25
126,2,untrained,15,1.1,1,0,0.6,1.4,ascending,0.821583836,0.25
126,2,untrained,16,1.2,0,1,0.6,1.4,ascending,0.821583836,0.25
126,2,untrained,17,1.3,0,1,0.6,1.4,ascending,0.821583836,0.25
126,2,untrained,18,1.4,0,1,0.6,1.4,ascending,0.821583836,0.25
126,2,untrained,19,1.4,0,1,1.4,0.6,descending,0.63900965,0.25
126,2,untrained,20,1.3,1,0,1.4,0.6,descending,0.63900965,0.25
126,2,untrained,21,1.2,0,1,1.4,0.6,descending,0.63900965,0.25
126,2,untrained,22,1.1,0,1,1.4,0.6,descending,0.63900965,0.25
126,2,untrained,23,1,0,0,1.4,0.6,descending,0.63900965,0.25
126,2,untrained,24,0.9,0,0,1.4,0.6,descending,0.63900965,0.25
126,2,untrained,25,0.8,0,0,1.4,0.6,descending,0.63900965,0.25
126,2,untrained,26,0.7,0,0,1.4,0.6,descending,0.63900965,0.25
126,2,untrained,27,0.6,0,0,1.4,0.6,descending,0.63900965,0.25
126,2,untrained,28,0.6,0,0,0.6,1.4,ascending,0.821583836,0.25
126,2,untrained,29,0.7,0,0,0.6,1.4,ascending,0.821583836,0.25
126,2,untrained,30,0.8,0,0,0.6,1.4,ascending,0.821583836,0.25
126,2,untrained,31,0.9,1,1,0.6,1.4,ascending,0.821583836,0.25
126,2,untrained,32,1,1,1,0.6,1.4,ascending,0.821583836,0.25
126,2,untrained,33,1.1,0,1,0.6,1.4,ascending,0.821583836,0.25
126,2,untrained,34,1.2,0,1,0.6,1.4,ascending,0.821583836,0.25
126,2,untrained,35,1.3,0,1,0.6,1.4,ascending,0.821583836,0.25
126,2,untrained,36,1.4,0,1,0.6,1.4,ascending,0.821583836,0.25
126,2,untrained,37,1.4,0,1,1.4,0.6,descending,0.821583836,0.25
126,2,untrained,38,1.3,0,1,1.4,0.6,descending,0.821583836,0.25
126,2,untrained,39,1.2,0,1,1.4,0.6,descending,0.821583836,0.25
126,2,untrained,40,1.1,1,0,1.4,0.6,descending,0.821583836,0.25
126,2,untrained,41,1,0,0,1.4,0.6,descending,0.821583836,0.25
126,2,untrained,42,0.9,0,0,1.4,0.6,descending,0.821583836,0.25
126,2,untrained,43,0.8,0,0,1.4,0.6,descending,0.821583836,0.25
126,2,untrained,44,0.7,0,0,1.4,0.6,descending,0.821583836,0.25
126,2,untrained,45,0.6,0,0,1.4,0.6,descending,0.821583836,0.25
126,2,untrained,46,0.6,0,0,0.6,1.4,ascending,0.63900965,0.25
126,2,untrained,47,0.7,1,1,0.6,1.4,ascending,0.63900965,0.25
126,2,untrained,48,0.8,0,0,0.6,1.4,ascending,0.63900965,0.25
126,2,untrained,49,0.9,0,0,0.6,1.4,ascending,0.63900965,0.25
126,2,untrained,50,1,1,1,0.6,1.4,ascending,0.63900965,0.25
126,2,untrained,51,1.1,0,1,0.6,1.4,ascending,0.63900965,0.25
126,2,untrained,52,1.2,0,1,0.6,1.4,ascending,0.63900965,0.25
126,2,untrained,53,1.3,0,1,0.6,1.4,ascending,0.63900965,0.25
126,2,untrained,54,1.4,0,1,0.6,1.4,ascending,0.63900965,0.25
126,2,untrained,55,1.4,0,1,1.4,0.6,descending,0.724568837,0.194444444
126,2,untrained,56,1.3,0,1,1.4,0.6,descending,0.724568837,0.194444444
126,2,untrained,57,1.2,1,0,1.4,0.6,descending,0.724568837,0.194444444
126,2,untrained,58,1.1,1,0,1.4,0.6,descending,0.724568837,0.194444444
126,2,untrained,59,1,0,0,1.4,0.6,descending,0.724568837,0.194444444
126,2,untrained,60,0.9,0,0,1.4,0.6,descending,0.724568837,0.194444444
126,2,untrained,61,0.8,0,0,1.4,0.6,descending,0.724568837,0.194444444
126,2,untrained,62,0.7,0,0,1.4,0.6,descending,0.724568837,0.194444444
126,2,untrained,63,0.6,0,0,1.4,0.6,descending,0.724568837,0.194444444
126,2,untrained,64,0.6,0,0,0.6,1.4,ascending,0.866025404,0.277777778
126,2,untrained,65,0.7,0,0,0.6,1.4,ascending,0.866025404,0.277777778
126,2,untrained,66,0.8,0,0,0.6,1.4,ascending,0.866025404,0.277777778
126,2,untrained,67,0.9,0,0,0.6,1.4,ascending,0.866025404,0.277777778
126,2,untrained,68,1,0,0,0.6,1.4,ascending,0.866025404,0.277777778
126,2,untrained,69,1.1,0,1,0.6,1.4,ascending,0.866025404,0.277777778
126,2,untrained,70,1.2,0,1,0.6,1.4,ascending,0.866025404,0.277777778
126,2,untrained,71,1.3,0,1,0.6,1.4,ascending,0.866025404,0.277777778
126,2,untrained,72,1.4,0,1,0.6,1.4,ascending,0.866025404,0.277777778
127,1,untrained,1,0.6,0,0,0.6,1.4,ascending,0.866025404,0.277777778
127,1,untrained,2,0.7,0,0,0.6,1.4,ascending,0.866025404,0.277777778
127,1,untrained,3,0.8,0,0,0.6,1.4,ascending,0.866025404,0.277777778
127,1,untrained,4,0.9,0,0,0.6,1.4,ascending,0.866025404,0.277777778
127,1,untrained,5,1,1,1,0.6,1.4,ascending,0.866025404,0.277777778
127,1,untrained,6,1.1,0,1,0.6,1.4,ascending,0.866025404,0.277777778
127,1,untrained,7,1.2,0,1,0.6,1.4,ascending,0.866025404,0.277777778
127,1,untrained,8,1.3,0,1,0.6,1.4,ascending,0.866025404,0.277777778
127,1,untrained,9,1.4,0,1,0.6,1.4,ascending,0.866025404,0.277777778
127,1,untrained,10,1.4,0,1,1.4,0.6,descending,0.621059003,0.194444444
127,1,untrained,11,1.3,1,0,1.4,0.6,descending,0.621059003,0.194444444
127,1,untrained,12,1.2,0,1,1.4,0.6,descending,0.621059003,0.194444444
127,1,untrained,13,1.1,1,0,1.4,0.6,descending,0.621059003,0.194444444
127,1,untrained,14,1,0,0,1.4,0.6,descending,0.621059003,0.194444444
127,1,untrained,15,0.9,0,0,1.4,0.6,descending,0.621059003,0.194444444
127,1,untrained,16,0.8,0,0,1.4,0.6,descending,0.621059003,0.194444444
127,1,untrained,17,0.7,0,0,1.4,0.6,descending,0.621059003,0.194444444
127,1,untrained,18,0.6,0,0,1.4,0.6,descending,0.621059003,0.194444444
127,1,untrained,19,0.6,0,0,0.6,1.4,ascending,0.821583836,0.25
127,1,untrained,20,0.7,0,0,0.6,1.4,ascending,0.821583836,0.25
127,1,untrained,21,0.8,0,0,0.6,1.4,ascending,0.821583836,0.25
127,1,untrained,22,0.9,0,0,0.6,1.4,ascending,0.821583836,0.25
127,1,untrained,23,1,0,0,0.6,1.4,ascending,0.821583836,0.25
127,1,untrained,24,1.1,1,0,0.6,1.4,ascending,0.821583836,0.25
127,1,untrained,25,1.2,0,1,0.6,1.4,ascending,0.821583836,0.25
127,1,untrained,26,1.3,0,1,0.6,1.4,ascending,0.821583836,0.25
127,1,untrained,27,1.4,0,1,0.6,1.4,ascending,0.821583836,0.25
127,1,untrained,28,1.4,0,1,1.4,0.6,descending,0.779422863,0.277777778
127,1,untrained,29,1.3,0,1,1.4,0.6,descending,0.779422863,0.277777778
127,1,untrained,30,1.2,0,1,1.4,0.6,descending,0.779422863,0.277777778
127,1,untrained,31,1.1,1,0,1.4,0.6,descending,0.779422863,0.277777778
127,1,untrained,32,1,1,1,1.4,0.6,descending,0.779422863,0.277777778
127,1,untrained,33,0.9,0,0,1.4,0.6,descending,0.779422863,0.277777778
127,1,untrained,34,0.8,0,0,1.4,0.6,descending,0.779422863,0.277777778
127,1,untrained,35,0.7,0,0,1.4,0.6,descending,0.779422863,0.277777778
127,1,untrained,36,0.6,0,0,1.4,0.6,descending,0.779422863,0.277777778
127,1,untrained,37,0.6,0,0,0.6,1.4,ascending,0.866025404,0.277777778
127,1,untrained,38,0.7,0,0,0.6,1.4,ascending,0.866025404,0.277777778
127,1,untrained,39,0.8,0,0,0.6,1.4,ascending,0.866025404,0.277777778
127,1,untrained,40,0.9,0,0,0.6,1.4,ascending,0.866025404,0.277777778
127,1,untrained,41,1,1,1,0.6,1.4,ascending,0.866025404,0.277777778
127,1,untrained,42,1.1,0,1,0.6,1.4,ascending,0.866025404,0.277777778
127,1,untrained,43,1.2,0,1,0.6,1.4,ascending,0.866025404,0.277777778
127,1,untrained,44,1.3,0,1,0.6,1.4,ascending,0.866025404,0.277777778
127,1,untrained,45,1.4,0,1,0.6,1.4,ascending,0.866025404,0.277777778
127,1,untrained,46,1.4,0,1,1.4,0.6,descending,0.821583836,0.25
127,1,untrained,47,1.3,0,1,1.4,0.6,descending,0.821583836,0.25
127,1,untrained,48,1.2,0,1,1.4,0.6,descending,0.821583836,0.25
127,1,untrained,49,1.1,1,0,1.4,0.6,descending,0.821583836,0.25
127,1,untrained,50,1,0,0,1.4,0.6,descending,0.821583836,0.25
127,1,untrained,51,0.9,0,0,1.4,0.6,descending,0.821583836,0.25
127,1,untrained,52,0.8,0,0,1.4,0.6,descending,0.821583836,0.25
127,1,untrained,53,0.7,0,0,1.4,0.6,descending,0.821583836,0.25
127,1,untrained,54,0.6,0,0,1.4,0.6,descending,0.821583836,0.25
127,1,untrained,55,0.6,0,0,0.6,1.4,ascending,0.866025404,0.277777778
127,1,untrained,56,0.7,0,0,0.6,1.4,ascending,0.866025404,0.277777778
127,1,untrained,57,0.8,0,0,0.6,1.4,ascending,0.866025404,0.277777778
127,1,untrained,58,0.9,0,0,0.6,1.4,ascending,0.866025404,0.277777778
127,1,untrained,59,1,1,1,0.6,1.4,ascending,0.866025404,0.277777778
127,1,untrained,60,1.1,0,1,0.6,1.4,ascending,0.866025404,0.277777778
127,1,untrained,61,1.2,0,1,0.6,1.4,ascending,0.866025404,0.277777778
127,1,untrained,62,1.3,0,1,0.6,1.4,ascending,0.866025404,0.277777778
127,1,untrained,63,1.4,0,1,0.6,1.4,ascending,0.866025404,0.277777778
127,1,untrained,64,1.4,0,1,1.4,0.6,descending,0.821583836,0.25
127,1,untrained,65,1.3,0,1,1.4,0.6,descending,0.821583836,0.25
127,1,untrained,66,1.2,0,1,1.4,0.6,descending,0.821583836,0.25
127,1,untrained,67,1.1,1,0,1.4,0.6,descending,0.821583836,0.25
127,1,untrained,68,1,0,0,1.4,0.6,descending,0.821583836,0.25
127,1,untrained,69,0.9,0,0,1.4,0.6,descending,0.821583836,0.25
127,1,untrained,70,0.8,0,0,1.4,0.6,descending,0.821583836,0.25
127,1,untrained,71,0.7,0,0,1.4,0.6,descending,0.821583836,0.25
127,1,untrained,72,0.6,0,0,1.4,0.6,descending,0.821583836,0.25
127,2,trained,1,1.4,0,1,1.4,0.6,descending,0.821583836,0.25
127,2,trained,2,1.3,0,1,1.4,0.6,descending,0.821583836,0.25
127,2,trained,3,1.2,0,1,1.4,0.6,descending,0.821583836,0.25
127,2,trained,4,1.1,1,0,1.4,0.6,descending,0.821583836,0.25
127,2,trained,5,1,0,0,1.4,0.6,descending,0.821583836,0.25
127,2,trained,6,0.9,0,0,1.4,0.6,descending,0.821583836,0.25
127,2,trained,7,0.8,0,0,1.4,0.6,descending,0.821583836,0.25
127,2,trained,8,0.7,0,0,1.4,0.6,descending,0.821583836,0.25
127,2,trained,9,0.6,0,0,1.4,0.6,descending,0.821583836,0.25
127,2,trained,10,0.6,0,0,0.6,1.4,ascending,0.866025404,0.277777778
127,2,trained,11,0.7,0,0,0.6,1.4,ascending,0.866025404,0.277777778
127,2,trained,12,0.8,0,0,0.6,1.4,ascending,0.866025404,0.277777778
127,2,trained,13,0.9,0,0,0.6,1.4,ascending,0.866025404,0.277777778
127,2,trained,14,1,1,1,0.6,1.4,ascending,0.866025404,0.277777778
127,2,trained,15,1.1,0,1,0.6,1.4,ascending,0.866025404,0.277777778
127,2,trained,16,1.2,0,1,0.6,1.4,ascending,0.866025404,0.277777778
127,2,trained,17,1.3,0,1,0.6,1.4,ascending,0.866025404,0.277777778
127,2,trained,18,1.4,0,1,0.6,1.4,ascending,0.866025404,0.277777778
127,2,trained,19,1.4,0,1,1.4,0.6,descending,0.866025404,0.277777778
127,2,trained,20,1.3,0,1,1.4,0.6,descending,0.866025404,0.277777778
127,2,trained,21,1.2,0,1,1.4,0.6,descending,0.866025404,0.277777778
127,2,trained,22,1.1,0,1,1.4,0.6,descending,0.866025404,0.277777778
127,2,trained,23,1,0,0,1.4,0.6,descending,0.866025404,0.277777778
127,2,trained,24,0.9,0,0,1.4,0.6,descending,0.866025404,0.277777778
127,2,trained,25,0.8,0,0,1.4,0.6,descending,0.866025404,0.277777778
127,2,trained,26,0.7,0,0,1.4,0.6,descending,0.866025404,0.277777778
127,2,trained,27,0.6,0,0,1.4,0.6,descending,0.866025404,0.277777778
127,2,trained,28,0.6,0,0,0.6,1.4,ascending,0.866025404,0.277777778
127,2,trained,29,0.7,0,0,0.6,1.4,ascending,0.866025404,0.277777778
127,2,trained,30,0.8,0,0,0.6,1.4,ascending,0.866025404,0.277777778
127,2,trained,31,0.9,0,0,0.6,1.4,ascending,0.866025404,0.277777778
127,2,trained,32,1,1,1,0.6,1.4,ascending,0.866025404,0.277777778
127,2,trained,33,1.1,0,1,0.6,1.4,ascending,0.866025404,0.277777778
127,2,trained,34,1.2,0,1,0.6,1.4,ascending,0.866025404,0.277777778
127,2,trained,35,1.3,0,1,0.6,1.4,ascending,0.866025404,0.277777778
127,2,trained,36,1.4,0,1,0.6,1.4,ascending,0.866025404,0.277777778
127,2,trained,37,1.4,0,1,1.4,0.6,descending,0.821583836,0.25
127,2,trained,38,1.3,0,1,1.4,0.6,descending,0.821583836,0.25
127,2,trained,39,1.2,0,1,1.4,0.6,descending,0.821583836,0.25
127,2,trained,40,1.1,0,1,1.4,0.6,descending,0.821583836,0.25
127,2,trained,41,1,1,1,1.4,0.6,descending,0.821583836,0.25
127,2,trained,42,0.9,1,1,1.4,0.6,descending,0.821583836,0.25
127,2,trained,43,0.8,0,0,1.4,0.6,descending,0.821583836,0.25
127,2,trained,44,0.7,0,0,1.4,0.6,descending,0.821583836,0.25
127,2,trained,45,0.6,0,0,1.4,0.6,descending,0.821583836,0.25
127,2,trained,46,0.6,0,0,0.6,1.4,ascending,0.821583836,0.25
127,2,trained,47,0.7,0,0,0.6,1.4,ascending,0.821583836,0.25
127,2,trained,48,0.8,0,0,0.6,1.4,ascending,0.821583836,0.25
127,2,trained,49,0.9,1,1,0.6,1.4,ascending,0.821583836,0.25
127,2,trained,50,1,1,1,0.6,1.4,ascending,0.821583836,0.25
127,2,trained,51,1.1,0,1,0.6,1.4,ascending,0.821583836,0.25
127,2,trained,52,1.2,0,1,0.6,1.4,ascending,0.821583836,0.25
127,2,trained,53,1.3,0,1,0.6,1.4,ascending,0.821583836,0.25
127,2,trained,54,1.4,0,1,0.6,1.4,ascending,0.821583836,0.25
127,2,trained,64,0.6,0,0,0.6,1.4,ascending,0.730296743,0.25
127,2,trained,65,0.7,0,0,0.6,1.4,ascending,0.730296743,0.25
127,2,trained,66,0.8,1,1,0.6,1.4,ascending,0.730296743,0.25
127,2,trained,67,0.9,0,0,0.6,1.4,ascending,0.730296743,0.25
127,2,trained,68,1,1,1,0.6,1.4,ascending,0.730296743,0.25
127,2,trained,69,1.1,0,1,0.6,1.4,ascending,0.730296743,0.25
127,2,trained,70,1.2,0,1,0.6,1.4,ascending,0.730296743,0.25
127,2,trained,71,1.3,0,1,0.6,1.4,ascending,0.730296743,0.25
127,2,trained,72,1.4,0,1,0.6,1.4,ascending,0.730296743,0.25
128,1,trained,1,0.6,0,0,0.6,1.4,ascending,0.866025404,0.277777778
128,1,trained,2,0.7,0,0,0.6,1.4,ascending,0.866025404,0.277777778
128,1,trained,3,0.8,0,0,0.6,1.4,ascending,0.866025404,0.277777778
128,1,trained,4,0.9,0,0,0.6,1.4,ascending,0.866025404,0.277777778
128,1,trained,5,1,1,1,0.6,1.4,ascending,0.866025404,0.277777778
128,1,trained,6,1.1,0,1,0.6,1.4,ascending,0.866025404,0.277777778
128,1,trained,7,1.2,0,1,0.6,1.4,ascending,0.866025404,0.277777778
128,1,trained,8,1.3,0,1,0.6,1.4,ascending,0.866025404,0.277777778
128,1,trained,9,1.4,0,1,0.6,1.4,ascending,0.866025404,0.277777778
128,1,trained,10,1.4,0,1,1.4,0.6,descending,0.547722558,0.111111111
128,1,trained,11,1.3,0,1,1.4,0.6,descending,0.547722558,0.111111111
128,1,trained,12,1.2,0,1,1.4,0.6,descending,0.547722558,0.111111111
128,1,trained,13,1.1,0,1,1.4,0.6,descending,0.547722558,0.111111111
128,1,trained,14,1,1,1,1.4,0.6,descending,0.547722558,0.111111111
128,1,trained,15,0.9,1,1,1.4,0.6,descending,0.547722558,0.111111111
128,1,trained,16,0.8,1,1,1.4,0.6,descending,0.547722558,0.111111111
128,1,trained,17,0.7,1,1,1.4,0.6,descending,0.547722558,0.111111111
128,1,trained,18,0.6,0,0,1.4,0.6,descending,0.547722558,0.111111111
128,1,trained,19,0.6,0,0,0.6,1.4,ascending,0.547722558,0.111111111
128,1,trained,20,0.7,1,1,0.6,1.4,ascending,0.547722558,0.111111111
128,1,trained,21,0.8,1,1,0.6,1.4,ascending,0.547722558,0.111111111
128,1,trained,22,0.9,1,1,0.6,1.4,ascending,0.547722558,0.111111111
128,1,trained,23,1,1,1,0.6,1.4,ascending,0.547722558,0.111111111
128,1,trained,24,1.1,0,1,0.6,1.4,ascending,0.547722558,0.111111111
128,1,trained,25,1.2,0,1,0.6,1.4,ascending,0.547722558,0.111111111
128,1,trained,26,1.3,0,1,0.6,1.4,ascending,0.547722558,0.111111111
128,1,trained,27,1.4,0,1,0.6,1.4,ascending,0.547722558,0.111111111
128,1,trained,46,1.4,0,1,1.4,0.6,descending,0.730296743,0.25
128,1,trained,47,1.3,0,1,1.4,0.6,descending,0.730296743,0.25
128,1,trained,48,1.2,0,1,1.4,0.6,descending,0.730296743,0.25
128,1,trained,49,1.1,0,1,1.4,0.6,descending,0.730296743,0.25
128,1,trained,50,1,1,1,1.4,0.6,descending,0.730296743,0.25
128,1,trained,51,0.9,0,0,1.4,0.6,descending,0.730296743,0.25
128,1,trained,52,0.8,1,1,1.4,0.6,descending,0.730296743,0.25
128,1,trained,53,0.7,0,0,1.4,0.6,descending,0.730296743,0.25
128,1,trained,54,0.6,0,0,1.4,0.6,descending,0.730296743,0.25
128,1,trained,55,0.6,0,0,0.6,1.4,ascending,0.724568837,0.194444444
128,1,trained,56,0.7,0,0,0.6,1.4,ascending,0.724568837,0.194444444
128,1,trained,57,0.8,1,1,0.6,1.4,ascending,0.724568837,0.194444444
128,1,trained,58,0.9,1,1,0.6,1.4,ascending,0.724568837,0.194444444
128,1,trained,59,1,1,1,0.6,1.4,ascending,0.724568837,0.194444444
128,1,trained,60,1.1,0,1,0.6,1.4,ascending,0.724568837,0.194444444
128,1,trained,61,1.2,0,1,0.6,1.4,ascending,0.724568837,0.194444444
128,1,trained,62,1.3,0,1,0.6,1.4,ascending,0.724568837,0.194444444
128,1,trained,63,1.4,0,1,0.6,1.4,ascending,0.724568837,0.194444444
128,1,trained,64,1.4,0,1,1.4,0.6,descending,0.724568837,0.194444444
128,1,trained,65,1.3,0,1,1.4,0.6,descending,0.724568837,0.194444444
128,1,trained,66,1.2,0,1,1.4,0.6,descending,0.724568837,0.194444444
128,1,trained,67,1.1,0,1,1.4,0.6,descending,0.724568837,0.194444444
128,1,trained,68,1,1,1,1.4,0.6,descending,0.724568837,0.194444444
128,1,trained,69,0.9,1,1,1.4,0.6,descending,0.724568837,0.194444444
128,1,trained,70,0.8,1,1,1.4,0.6,descending,0.724568837,0.194444444
128,1,trained,71,0.7,0,0,1.4,0.6,descending,0.724568837,0.194444444
128,1,trained,72,0.6,0,0,1.4,0.6,descending,0.724568837,0.194444444
128,2,untrained,19,1.4,0,1,1.4,0.6,descending,0.63900965,0.25
128,2,untrained,20,1.3,0,1,1.4,0.6,descending,0.63900965,0.25
128,2,untrained,21,1.2,0,1,1.4,0.6,descending,0.63900965,0.25
128,2,untrained,22,1.1,0,1,1.4,0.6,descending,0.63900965,0.25
128,2,untrained,23,1,0,0,1.4,0.6,descending,0.63900965,0.25
128,2,untrained,24,0.9,1,1,1.4,0.6,descending,0.63900965,0.25
128,2,untrained,25,0.8,1,1,1.4,0.6,descending,0.63900965,0.25
128,2,untrained,26,0.7,0,0,1.4,0.6,descending,0.63900965,0.25
128,2,untrained,27,0.6,0,0,1.4,0.6,descending,0.63900965,0.25
128,2,untrained,37,1.4,0,1,1.4,0.6,descending,0.724568837,0.194444444
128,2,untrained,38,1.3,0,1,1.4,0.6,descending,0.724568837,0.194444444
128,2,untrained,39,1.2,0,1,1.4,0.6,descending,0.724568837,0.194444444
128,2,untrained,40,1.1,0,1,1.4,0.6,descending,0.724568837,0.194444444
128,2,untrained,41,1,1,1,1.4,0.6,descending,0.724568837,0.194444444
128,2,untrained,42,0.9,1,1,1.4,0.6,descending,0.724568837,0.194444444
128,2,untrained,43,0.8,1,1,1.4,0.6,descending,0.724568837,0.194444444
128,2,untrained,44,0.7,0,0,1.4,0.6,descending,0.724568837,0.194444444
128,2,untrained,45,0.6,0,0,1.4,0.6,descending,0.724568837,0.194444444
128,2,untrained,46,0.6,0,0,0.6,1.4,ascending,0.63900965,0.25
128,2,untrained,47,0.7,1,1,0.6,1.4,ascending,0.63900965,0.25
128,2,untrained,48,0.8,0,0,0.6,1.4,ascending,0.63900965,0.25
128,2,untrained,49,0.9,0,0,0.6,1.4,ascending,0.63900965,0.25
128,2,untrained,50,1,1,1,0.6,1.4,ascending,0.63900965,0.25
128,2,untrained,51,1.1,0,1,0.6,1.4,ascending,0.63900965,0.25
128,2,untrained,52,1.2,0,1,0.6,1.4,ascending,0.63900965,0.25
128,2,untrained,53,1.3,0,1,0.6,1.4,ascending,0.63900965,0.25
128,2,untrained,54,1.4,0,1,0.6,1.4,ascending,0.63900965,0.25
128,2,untrained,55,1.4,0,1,1.4,0.6,descending,0.63900965,0.25
128,2,untrained,56,1.3,0,1,1.4,0.6,descending,0.63900965,0.25
128,2,untrained,57,1.2,0,1,1.4,0.6,descending,0.63900965,0.25
128,2,untrained,58,1.1,0,1,1.4,0.6,descending,0.63900965,0.25
128,2,untrained,59,1,1,1,1.4,0.6,descending,0.63900965,0.25
128,2,untrained,60,0.9,0,0,1.4,0.6,descending,0.63900965,0.25
128,2,untrained,61,0.8,0,0,1.4,0.6,descending,0.63900965,0.25
128,2,untrained,62,0.7,1,1,1.4,0.6,descending,0.63900965,0.25
128,2,untrained,63,0.6,0,0,1.4,0.6,descending,0.63900965,0.25
128,2,untrained,64,0.6,0,0,0.6,1.4,ascending,0.821583836,0.25
128,2,untrained,65,0.7,0,0,0.6,1.4,ascending,0.821583836,0.25
128,2,untrained,66,0.8,0,0,0.6,1.4,ascending,0.821583836,0.25
128,2,untrained,67,0.9,1,1,0.6,1.4,ascending,0.821583836,0.25
128,2,untrained,68,1,1,1,0.6,1.4,ascending,0.821583836,0.25
128,2,untrained,69,1.1,0,1,0.6,1.4,ascending,0.821583836,0.25
128,2,untrained,70,1.2,0,1,0.6,1.4,ascending,0.821583836,0.25
128,2,untrained,71,1.3,0,1,0.6,1.4,ascending,0.821583836,0.25
128,2,untrained,72,1.4,0,1,0.6,1.4,ascending,0.821583836,0.25
129,1,untrained,1,0.6,0,0,0.6,1.4,ascending,0.51754917,0.194444444
129,1,untrained,2,0.7,0,0,0.6,1.4,ascending,0.51754917,0.194444444
129,1,untrained,3,0.8,0,0,0.6,1.4,ascending,0.51754917,0.194444444
129,1,untrained,4,0.9,0,0,0.6,1.4,ascending,0.51754917,0.194444444
129,1,untrained,5,1,0,0,0.6,1.4,ascending,0.51754917,0.194444444
129,1,untrained,6,1.1,1,0,0.6,1.4,ascending,0.51754917,0.194444444
129,1,untrained,7,1.2,0,1,0.6,1.4,ascending,0.51754917,0.194444444
129,1,untrained,8,1.3,0,1,0.6,1.4,ascending,0.51754917,0.194444444
129,1,untrained,9,1.4,1,0,0.6,1.4,ascending,0.51754917,0.194444444
129,1,untrained,10,1.4,0,1,1.4,0.6,descending,0.724568837,0.194444444
129,1,untrained,11,1.3,0,1,1.4,0.6,descending,0.724568837,0.194444444
129,1,untrained,12,1.2,1,0,1.4,0.6,descending,0.724568837,0.194444444
129,1,untrained,13,1.1,1,0,1.4,0.6,descending,0.724568837,0.194444444
129,1,untrained,14,1,0,0,1.4,0.6,descending,0.724568837,0.194444444
129,1,untrained,15,0.9,0,0,1.4,0.6,descending,0.724568837,0.194444444
129,1,untrained,16,0.8,0,0,1.4,0.6,descending,0.724568837,0.194444444
129,1,untrained,17,0.7,0,0,1.4,0.6,descending,0.724568837,0.194444444
129,1,untrained,18,0.6,0,0,1.4,0.6,descending,0.724568837,0.194444444
129,1,untrained,19,0.6,0,0,0.6,1.4,ascending,0.730296743,0.25
129,1,untrained,20,0.7,0,0,0.6,1.4,ascending,0.730296743,0.25
129,1,untrained,21,0.8,0,0,0.6,1.4,ascending,0.730296743,0.25
129,1,untrained,22,0.9,0,0,0.6,1.4,ascending,0.730296743,0.25
129,1,untrained,23,1,0,0,0.6,1.4,ascending,0.730296743,0.25
129,1,untrained,24,1.1,0,1,0.6,1.4,ascending,0.730296743,0.25
129,1,untrained,25,1.2,1,0,0.6,1.4,ascending,0.730296743,0.25
129,1,untrained,26,1.3,0,1,0.6,1.4,ascending,0.730296743,0.25
129,1,untrained,27,1.4,0,1,0.6,1.4,ascending,0.730296743,0.25
129,1,untrained,28,1.4,0,1,1.4,0.6,descending,0.821583836,0.25
129,1,untrained,29,1.3,0,1,1.4,0.6,descending,0.821583836,0.25
129,1,untrained,30,1.2,0,1,1.4,0.6,descending,0.821583836,0.25
129,1,untrained,31,1.1,1,0,1.4,0.6,descending,0.821583836,0.25
129,1,untrained,32,1,0,0,1.4,0.6,descending,0.821583836,0.25
129,1,untrained,33,0.9,0,0,1.4,0.6,descending,0.821583836,0.25
129,1,untrained,34,0.8,0,0,1.4,0.6,descending,0.821583836,0.25
129,1,untrained,35,0.7,0,0,1.4,0.6,descending,0.821583836,0.25
129,1,untrained,36,0.6,0,0,1.4,0.6,descending,0.821583836,0.25
129,1,untrained,37,0.6,0,0,0.6,1.4,ascending,0.821583836,0.25
129,1,untrained,38,0.7,0,0,0.6,1.4,ascending,0.821583836,0.25
129,1,untrained,39,0.8,0,0,0.6,1.4,ascending,0.821583836,0.25
129,1,untrained,40,0.9,0,0,0.6,1.4,ascending,0.821583836,0.25
129,1,untrained,41,1,0,0,0.6,1.4,ascending,0.821583836,0.25
129,1,untrained,42,1.1,1,0,0.6,1.4,ascending,0.821583836,0.25
129,1,untrained,43,1.2,0,1,0.6,1.4,ascending,0.821583836,0.25
129,1,untrained,44,1.3,0,1,0.6,1.4,ascending,0.821583836,0.25
129,1,untrained,45,1.4,0,1,0.6,1.4,ascending,0.821583836,0.25
129,1,untrained,46,1.4,1,0,1.4,0.6,descending,0.51754917,0.194444444
129,1,untrained,47,1.3,0,1,1.4,0.6,descending,0.51754917,0.194444444
129,1,untrained,48,1.2,0,1,1.4,0.6,descending,0.51754917,0.194444444
129,1,untrained,49,1.1,1,0,1.4,0.6,descending,0.51754917,0.194444444
129,1,untrained,50,1,0,0,1.4,0.6,descending,0.51754917,0.194444444
129,1,untrained,51,0.9,0,0,1.4,0.6,descending,0.51754917,0.194444444
129,1,untrained,52,0.8,0,0,1.4,0.6,descending,0.51754917,0.194444444
129,1,untrained,53,0.7,0,0,1.4,0.6,descending,0.51754917,0.194444444
129,1,untrained,54,0.6,0,0,1.4,0.6,descending,0.51754917,0.194444444
129,1,untrained,55,0.6,0,0,0.6,1.4,ascending,0.730296743,0.25
129,1,untrained,56,0.7,0,0,0.6,1.4,ascending,0.730296743,0.25
129,1,untrained,57,0.8,0,0,0.6,1.4,ascending,0.730296743,0.25
129,1,untrained,58,0.9,0,0,0.6,1.4,ascending,0.730296743,0.25
129,1,untrained,59,1,0,0,0.6,1.4,ascending,0.730296743,0.25
129,1,untrained,60,1.1,0,1,0.6,1.4,ascending,0.730296743,0.25
129,1,untrained,61,1.2,1,0,0.6,1.4,ascending,0.730296743,0.25
129,1,untrained,62,1.3,0,1,0.6,1.4,ascending,0.730296743,0.25
129,1,untrained,63,1.4,0,1,0.6,1.4,ascending,0.730296743,0.25
129,1,untrained,64,1.4,0,1,1.4,0.6,descending,0.547722558,0.25
129,1,untrained,65,1.3,0,1,1.4,0.6,descending,0.547722558,0.25
129,1,untrained,66,1.2,1,0,1.4,0.6,descending,0.547722558,0.25
129,1,untrained,67,1.1,1,0,1.4,0.6,descending,0.547722558,0.25
129,1,untrained,68,1,0,0,1.4,0.6,descending,0.547722558,0.25
129,1,untrained,69,0.9,1,1,1.4,0.6,descending,0.547722558,0.25
129,1,untrained,70,0.8,0,0,1.4,0.6,descending,0.547722558,0.25
129,1,untrained,71,0.7,0,0,1.4,0.6,descending,0.547722558,0.25
129,1,untrained,72,0.6,0,0,1.4,0.6,descending,0.547722558,0.25
129,2,trained,10,0.6,0,0,0.6,1.4,ascending,0.866025404,0.277777778
129,2,trained,11,0.7,0,0,0.6,1.4,ascending,0.866025404,0.277777778
129,2,trained,12,0.8,0,0,0.6,1.4,ascending,0.866025404,0.277777778
129,2,trained,13,0.9,0,0,0.6,1.4,ascending,0.866025404,0.277777778
129,2,trained,14,1,0,0,0.6,1.4,ascending,0.866025404,0.277777778
129,2,trained,15,1.1,0,1,0.6,1.4,ascending,0.866025404,0.277777778
129,2,trained,16,1.2,0,1,0.6,1.4,ascending,0.866025404,0.277777778
129,2,trained,17,1.3,0,1,0.6,1.4,ascending,0.866025404,0.277777778
129,2,trained,18,1.4,0,1,0.6,1.4,ascending,0.866025404,0.277777778
129,2,trained,19,1.4,0,1,1.4,0.6,descending,0.692820323,0.277777778
129,2,trained,20,1.3,0,1,1.4,0.6,descending,0.692820323,0.277777778
129,2,trained,21,1.2,0,1,1.4,0.6,descending,0.692820323,0.277777778
129,2,trained,22,1.1,1,0,1.4,0.6,descending,0.692820323,0.277777778
129,2,trained,23,1,0,0,1.4,0.6,descending,0.692820323,0.277777778
129,2,trained,24,0.9,1,1,1.4,0.6,descending,0.692820323,0.277777778
129,2,trained,25,0.8,0,0,1.4,0.6,descending,0.692820323,0.277777778
129,2,trained,26,0.7,0,0,1.4,0.6,descending,0.692820323,0.277777778
129,2,trained,27,0.6,0,0,1.4,0.6,descending,0.692820323,0.277777778
129,2,trained,28,0.6,0,0,0.6,1.4,ascending,0.866025404,0.277777778
129,2,trained,29,0.7,0,0,0.6,1.4,ascending,0.866025404,0.277777778
129,2,trained,30,0.8,0,0,0.6,1.4,ascending,0.866025404,0.277777778
129,2,trained,31,0.9,0,0,0.6,1.4,ascending,0.866025404,0.277777778
129,2,trained,32,1,0,0,0.6,1.4,ascending,0.866025404,0.277777778
129,2,trained,33,1.1,0,1,0.6,1.4,ascending,0.866025404,0.277777778
129,2,trained,34,1.2,0,1,0.6,1.4,ascending,0.866025404,0.277777778
129,2,trained,35,1.3,0,1,0.6,1.4,ascending,0.866025404,0.277777778
129,2,trained,36,1.4,0,1,0.6,1.4,ascending,0.866025404,0.277777778
129,2,trained,55,1.4,0,1,1.4,0.6,descending,0.621059003,0.194444444
129,2,trained,56,1.3,0,1,1.4,0.6,descending,0.621059003,0.194444444
129,2,trained,57,1.2,0,1,1.4,0.6,descending,0.621059003,0.194444444
129,2,trained,58,1.1,0,1,1.4,0.6,descending,0.621059003,0.194444444
129,2,trained,59,1,1,1,1.4,0.6,descending,0.621059003,0.194444444
129,2,trained,60,0.9,1,1,1.4,0.6,descending,0.621059003,0.194444444
129,2,trained,61,0.8,0,0,1.4,0.6,descending,0.621059003,0.194444444
129,2,trained,62,0.7,1,1,1.4,0.6,descending,0.621059003,0.194444444
129,2,trained,63,0.6,0,0,1.4,0.6,descending,0.621059003,0.194444444
129,2,trained,64,0.6,0,0,0.6,1.4,ascending,0.547722558,0.111111111
129,2,trained,65,0.7,1,1,0.6,1.4,ascending,0.547722558,0.111111111
129,2,trained,66,0.8,1,1,0.6,1.4,ascending,0.547722558,0.111111111
129,2,trained,67,0.9,1,1,0.6,1.4,ascending,0.547722558,0.111111111
129,2,trained,68,1,1,1,0.6,1.4,ascending,0.547722558,0.111111111
129,2,trained,69,1.1,0,1,0.6,1.4,ascending,0.547722558,0.111111111
129,2,trained,70,1.2,0,1,0.6,1.4,ascending,0.547722558,0.111111111
129,2,trained,71,1.3,0,1,0.6,1.4,ascending,0.547722558,0.111111111
129,2,trained,72,1.4,0,1,0.6,1.4,ascending,0.547722558,0.111111111
130,1,trained,1,0.6,0,0,0.6,1.4,ascending,0.519615242,0.277777778
130,1,trained,2,0.7,0,0,0.6,1.4,ascending,0.519615242,0.277777778
130,1,trained,3,0.8,1,1,0.6,1.4,ascending,0.519615242,0.277777778
130,1,trained,4,0.9,1,1,0.6,1.4,ascending,0.519615242,0.277777778
130,1,trained,5,1,0,0,0.6,1.4,ascending,0.519615242,0.277777778
130,1,trained,6,1.1,1,0,0.6,1.4,ascending,0.519615242,0.277777778
130,1,trained,7,1.2,0,1,0.6,1.4,ascending,0.519615242,0.277777778
130,1,trained,8,1.3,0,1,0.6,1.4,ascending,0.519615242,0.277777778
130,1,trained,9,1.4,0,1,0.6,1.4,ascending,0.519615242,0.277777778
130,1,trained,10,1.4,0,1,1.4,0.6,descending,0.547722558,0.111111111
130,1,trained,11,1.3,0,1,1.4,0.6,descending,0.547722558,0.111111111
130,1,trained,12,1.2,0,1,1.4,0.6,descending,0.547722558,0.111111111
130,1,trained,13,1.1,0,1,1.4,0.6,descending,0.547722558,0.111111111
130,1,trained,14,1,1,1,1.4,0.6,descending,0.547722558,0.111111111
130,1,trained,15,0.9,1,1,1.4,0.6,descending,0.547722558,0.111111111
130,1,trained,16,0.8,1,1,1.4,0.6,descending,0.547722558,0.111111111
130,1,trained,17,0.7,1,1,1.4,0.6,descending,0.547722558,0.111111111
130,1,trained,18,0.6,0,0,1.4,0.6,descending,0.547722558,0.111111111
130,1,trained,19,0.6,0,0,0.6,1.4,ascending,0.606217783,0.277777778
130,1,trained,20,0.7,0,0,0.6,1.4,ascending,0.606217783,0.277777778
130,1,trained,21,0.8,0,0,0.6,1.4,ascending,0.606217783,0.277777778
130,1,trained,22,0.9,1,1,0.6,1.4,ascending,0.606217783,0.277777778
130,1,trained,23,1,1,1,0.6,1.4,ascending,0.606217783,0.277777778
130,1,trained,24,1.1,0,1,0.6,1.4,ascending,0.606217783,0.277777778
130,1,trained,25,1.2,1,0,0.6,1.4,ascending,0.606217783,0.277777778
130,1,trained,26,1.3,0,1,0.6,1.4,ascending,0.606217783,0.277777778
130,1,trained,27,1.4,0,1,0.6,1.4,ascending,0.606217783,0.277777778
130,1,trained,64,1.4,0,1,1.4,0.6,descending,0.547722558,0.25
130,1,trained,65,1.3,0,1,1.4,0.6,descending,0.547722558,0.25
130,1,trained,66,1.2,0,1,1.4,0.6,descending,0.547722558,0.25
130,1,trained,67,1.1,0,1,1.4,0.6,descending,0.547722558,0.25
130,1,trained,68,1,0,0,1.4,0.6,descending,0.547722558,0.25
130,1,trained,69,0.9,1,1,1.4,0.6,descending,0.547722558,0.25
130,1,trained,70,0.8,0,0,1.4,0.6,descending,0.547722558,0.25
130,1,trained,71,0.7,1,1,1.4,0.6,descending,0.547722558,0.25
130,1,trained,72,0.6,0,0,1.4,0.6,descending,0.547722558,0.25
130,2,untrained,10,0.6,0,0,0.6,1.4,ascending,0.547722558,0.25
130,2,untrained,11,0.7,0,0,0.6,1.4,ascending,0.547722558,0.25
130,2,untrained,12,0.8,0,0,0.6,1.4,ascending,0.547722558,0.25
130,2,untrained,13,0.9,0,0,0.6,1.4,ascending,0.547722558,0.25
130,2,untrained,14,1,0,0,0.6,1.4,ascending,0.547722558,0.25
130,2,untrained,15,1.1,0,1,0.6,1.4,ascending,0.547722558,0.25
130,2,untrained,16,1.2,0,1,0.6,1.4,ascending,0.547722558,0.25
130,2,untrained,17,1.3,0,1,0.6,1.4,ascending,0.547722558,0.25
130,2,untrained,18,1.4,1,0,0.6,1.4,ascending,0.547722558,0.25
130,2,untrained,28,0.6,1,1,0.6,1.4,ascending,0.456435465,0.25
130,2,untrained,29,0.7,0,0,0.6,1.4,ascending,0.456435465,0.25
130,2,untrained,30,0.8,0,0,0.6,1.4,ascending,0.456435465,0.25
130,2,untrained,31,0.9,1,1,0.6,1.4,ascending,0.456435465,0.25
130,2,untrained,32,1,0,0,0.6,1.4,ascending,0.456435465,0.25
130,2,untrained,33,1.1,0,1,0.6,1.4,ascending,0.456435465,0.25
130,2,untrained,34,1.2,0,1,0.6,1.4,ascending,0.456435465,0.25
130,2,untrained,35,1.3,0,1,0.6,1.4,ascending,0.456435465,0.25
130,2,untrained,36,1.4,0,1,0.6,1.4,ascending,0.456435465,0.25
130,2,untrained,55,1.4,0,1,1.4,0.6,descending,0.606217783,0.277777778
130,2,untrained,56,1.3,0,1,1.4,0.6,descending,0.606217783,0.277777778
130,2,untrained,57,1.2,1,0,1.4,0.6,descending,0.606217783,0.277777778
130,2,untrained,58,1.1,0,1,1.4,0.6,descending,0.606217783,0.277777778
130,2,untrained,59,1,1,1,1.4,0.6,descending,0.606217783,0.277777778
130,2,untrained,60,0.9,1,1,1.4,0.6,descending,0.606217783,0.277777778
130,2,untrained,61,0.8,0,0,1.4,0.6,descending,0.606217783,0.277777778
130,2,untrained,62,0.7,0,0,1.4,0.6,descending,0.606217783,0.277777778
130,2,untrained,63,0.6,0,0,1.4,0.6,descending,0.606217783,0.277777778
130,2,untrained,64,0.6,0,0,0.6,1.4,ascending,0.730296743,0.25
130,2,untrained,65,0.7,0,0,0.6,1.4,ascending,0.730296743,0.25
130,2,untrained,66,0.8,0,0,0.6,1.4,ascending,0.730296743,0.25
130,2,untrained,67,0.9,0,0,0.6,1.4,ascending,0.730296743,0.25
130,2,untrained,68,1,0,0,0.6,1.4,ascending,0.730296743,0.25
130,2,untrained,69,1.1,0,1,0.6,1.4,ascending,0.730296743,0.25
130,2,untrained,70,1.2,1,0,0.6,1.4,ascending,0.730296743,0.25
130,2,untrained,71,1.3,0,1,0.6,1.4,ascending,0.730296743,0.25
130,2,untrained,72,1.4,0,1,0.6,1.4,ascending,0.730296743,0.25
131,1,untrained,1,0.6,0,0,0.6,1.4,ascending,0.692820323,0.277777778
131,1,untrained,2,0.7,0,0,0.6,1.4,ascending,0.692820323,0.277777778
131,1,untrained,3,0.8,1,1,0.6,1.4,ascending,0.692820323,0.277777778
131,1,untrained,4,0.9,0,0,0.6,1.4,ascending,0.692820323,0.277777778
131,1,untrained,5,1,0,0,0.6,1.4,ascending,0.692820323,0.277777778
131,1,untrained,6,1.1,0,1,0.6,1.4,ascending,0.692820323,0.277777778
131,1,untrained,7,1.2,0,1,0.6,1.4,ascending,0.692820323,0.277777778
131,1,untrained,8,1.3,0,1,0.6,1.4,ascending,0.692820323,0.277777778
131,1,untrained,9,1.4,0,1,0.6,1.4,ascending,0.692820323,0.277777778
131,1,untrained,10,1.4,0,1,1.4,0.6,descending,0.547722558,0.111111111
131,1,untrained,11,1.3,0,1,1.4,0.6,descending,0.547722558,0.111111111
131,1,untrained,12,1.2,0,1,1.4,0.6,descending,0.547722558,0.111111111
131,1,untrained,13,1.1,0,1,1.4,0.6,descending,0.547722558,0.111111111
131,1,untrained,14,1,1,1,1.4,0.6,descending,0.547722558,0.111111111
131,1,untrained,15,0.9,1,1,1.4,0.6,descending,0.547722558,0.111111111
131,1,untrained,16,0.8,1,1,1.4,0.6,descending,0.547722558,0.111111111
131,1,untrained,17,0.7,1,1,1.4,0.6,descending,0.547722558,0.111111111
131,1,untrained,18,0.6,0,0,1.4,0.6,descending,0.547722558,0.111111111
131,1,untrained,28,1.4,0,1,1.4,0.6,descending,0.724568837,0.194444444
131,1,untrained,29,1.3,0,1,1.4,0.6,descending,0.724568837,0.194444444
131,1,untrained,30,1.2,1,0,1.4,0.6,descending,0.724568837,0.194444444
131,1,untrained,31,1.1,1,0,1.4,0.6,descending,0.724568837,0.194444444
131,1,untrained,32,1,0,0,1.4,0.6,descending,0.724568837,0.194444444
131,1,untrained,33,0.9,0,0,1.4,0.6,descending,0.724568837,0.194444444
131,1,untrained,34,0.8,0,0,1.4,0.6,descending,0.724568837,0.194444444
131,1,untrained,35,0.7,0,0,1.4,0.6,descending,0.724568837,0.194444444
131,1,untrained,36,0.6,0,0,1.4,0.6,descending,0.724568837,0.194444444
131,1,untrained,37,0.6,0,0,0.6,1.4,ascending,0.547722558,0.111111111
131,1,untrained,38,0.7,0,0,0.6,1.4,ascending,0.547722558,0.111111111
131,1,untrained,39,0.8,0,0,0.6,1.4,ascending,0.547722558,0.111111111
131,1,untrained,40,0.9,0,0,0.6,1.4,ascending,0.547722558,0.111111111
131,1,untrained,41,1,0,0,0.6,1.4,ascending,0.547722558,0.111111111
131,1,untrained,42,1.1,1,0,0.6,1.4,ascending,0.547722558,0.111111111
131,1,untrained,43,1.2,1,0,0.6,1.4,ascending,0.547722558,0.111111111
131,1,untrained,44,1.3,1,0,0.6,1.4,ascending,0.547722558,0.111111111
131,1,untrained,45,1.4,0,1,0.6,1.4,ascending,0.547722558,0.111111111
131,1,untrained,46,1.4,0,1,1.4,0.6,descending,0.547722558,0.111111111
131,1,untrained,47,1.3,1,0,1.4,0.6,descending,0.547722558,0.111111111
131,1,untrained,48,1.2,1,0,1.4,0.6,descending,0.547722558,0.111111111
131,1,untrained,49,1.1,1,0,1.4,0.6,descending,0.547722558,0.111111111
131,1,untrained,50,1,0,0,1.4,0.6,descending,0.547722558,0.111111111
131,1,untrained,51,0.9,0,0,1.4,0.6,descending,0.547722558,0.111111111
131,1,untrained,52,0.8,0,0,1.4,0.6,descending,0.547722558,0.111111111
131,1,untrained,53,0.7,0,0,1.4,0.6,descending,0.547722558,0.111111111
131,1,untrained,54,0.6,0,0,1.4,0.6,descending,0.547722558,0.111111111
131,1,untrained,55,0.6,0,0,0.6,1.4,ascending,0.866025404,0.277777778
131,1,untrained,56,0.7,0,0,0.6,1.4,ascending,0.866025404,0.277777778
131,1,untrained,57,0.8,0,0,0.6,1.4,ascending,0.866025404,0.277777778
131,1,untrained,58,0.9,0,0,0.6,1.4,ascending,0.866025404,0.277777778
131,1,untrained,59,1,0,0,0.6,1.4,ascending,0.866025404,0.277777778
131,1,untrained,60,1.1,0,1,0.6,1.4,ascending,0.866025404,0.277777778
131,1,untrained,61,1.2,0,1,0.6,1.4,ascending,0.866025404,0.277777778
131,1,untrained,62,1.3,0,1,0.6,1.4,ascending,0.866025404,0.277777778
131,1,untrained,63,1.4,0,1,0.6,1.4,ascending,0.866025404,0.277777778
131,1,untrained,64,1.4,0,1,1.4,0.6,descending,0.692820323,0.277777778
131,1,untrained,65,1.3,0,1,1.4,0.6,descending,0.692820323,0.277777778
131,1,untrained,66,1.2,0,1,1.4,0.6,descending,0.692820323,0.277777778
131,1,untrained,67,1.1,1,0,1.4,0.6,descending,0.692820323,0.277777778
131,1,untrained,68,1,0,0,1.4,0.6,descending,0.692820323,0.277777778
131,1,untrained,69,0.9,1,1,1.4,0.6,descending,0.692820323,0.277777778
131,1,untrained,70,0.8,0,0,1.4,0.6,descending,0.692820323,0.277777778
131,1,untrained,71,0.7,0,0,1.4,0.6,descending,0.692820323,0.277777778
131,1,untrained,72,0.6,0,0,1.4,0.6,descending,0.692820323,0.277777778
131,2,trained,10,0.6,0,0,0.6,1.4,ascending,0.866025404,0.277777778
131,2,trained,11,0.7,0,0,0.6,1.4,ascending,0.866025404,0.277777778
131,2,trained,12,0.8,0,0,0.6,1.4,ascending,0.866025404,0.277777778
131,2,trained,13,0.9,0,0,0.6,1.4,ascending,0.866025404,0.277777778
131,2,trained,14,1,1,1,0.6,1.4,ascending,0.866025404,0.277777778
131,2,trained,15,1.1,0,1,0.6,1.4,ascending,0.866025404,0.277777778
131,2,trained,16,1.2,0,1,0.6,1.4,ascending,0.866025404,0.277777778
131,2,trained,17,1.3,0,1,0.6,1.4,ascending,0.866025404,0.277777778
131,2,trained,18,1.4,0,1,0.6,1.4,ascending,0.866025404,0.277777778
131,2,trained,19,1.4,0,1,1.4,0.6,descending,0.779422863,0.277777778
131,2,trained,20,1.3,0,1,1.4,0.6,descending,0.779422863,0.277777778
131,2,trained,21,1.2,0,1,1.4,0.6,descending,0.779422863,0.277777778
131,2,trained,22,1.1,0,1,1.4,0.6,descending,0.779422863,0.277777778
131,2,trained,23,1,0,0,1.4,0.6,descending,0.779422863,0.277777778
131,2,trained,24,0.9,1,1,1.4,0.6,descending,0.779422863,0.277777778
131,2,trained,25,0.8,0,0,1.4,0.6,descending,0.779422863,0.277777778
131,2,trained,26,0.7,0,0,1.4,0.6,descending,0.779422863,0.277777778
131,2,trained,27,0.6,0,0,1.4,0.6,descending,0.779422863,0.277777778
131,2,trained,46,0.6,0,0,0.6,1.4,ascending,0.724568837,0.194444444
131,2,trained,47,0.7,0,0,0.6,1.4,ascending,0.724568837,0.194444444
131,2,trained,48,0.8,1,1,0.6,1.4,ascending,0.724568837,0.194444444
131,2,trained,49,0.9,1,1,0.6,1.4,ascending,0.724568837,0.194444444
131,2,trained,50,1,1,1,0.6,1.4,ascending,0.724568837,0.194444444
131,2,trained,51,1.1,0,1,0.6,1.4,ascending,0.724568837,0.194444444
131,2,trained,52,1.2,0,1,0.6,1.4,ascending,0.724568837,0.194444444
131,2,trained,53,1.3,0,1,0.6,1.4,ascending,0.724568837,0.194444444
131,2,trained,54,1.4,0,1,0.6,1.4,ascending,0.724568837,0.194444444
131,2,trained,55,1.4,0,1,1.4,0.6,descending,0.51754917,0.194444444
131,2,trained,56,1.3,0,1,1.4,0.6,descending,0.51754917,0.194444444
131,2,trained,57,1.2,0,1,1.4,0.6,descending,0.51754917,0.194444444
131,2,trained,58,1.1,0,1,1.4,0.6,descending,0.51754917,0.194444444
131,2,trained,59,1,1,1,1.4,0.6,descending,0.51754917,0.194444444
131,2,trained,60,0.9,1,1,1.4,0.6,descending,0.51754917,0.194444444
131,2,trained,61,0.8,0,0,1.4,0.6,descending,0.51754917,0.194444444
131,2,trained,62,0.7,0,0,1.4,0.6,descending,0.51754917,0.194444444
131,2,trained,63,0.6,1,1,1.4,0.6,descending,0.51754917,0.194444444
131,2,trained,64,0.6,1,1,0.6,1.4,ascending,0.456435465,0.25
131,2,trained,65,0.7,0,0,0.6,1.4,ascending,0.456435465,0.25
131,2,trained,66,0.8,0,0,0.6,1.4,ascending,0.456435465,0.25
131,2,trained,67,0.9,1,1,0.6,1.4,ascending,0.456435465,0.25
131,2,trained,68,1,0,0,0.6,1.4,ascending,0.456435465,0.25
131,2,trained,69,1.1,0,1,0.6,1.4,ascending,0.456435465,0.25
131,2,trained,70,1.2,0,1,0.6,1.4,ascending,0.456435465,0.25
131,2,trained,71,1.3,0,1,0.6,1.4,ascending,0.456435465,0.25
131,2,trained,72,1.4,0,1,0.6,1.4,ascending,0.456435465,0.25
132,1,trained,1,0.6,0,0,0.6,1.4,ascending,0.866025404,0.277777778
132,1,trained,2,0.7,0,0,0.6,1.4,ascending,0.866025404,0.277777778
132,1,trained,3,0.8,0,0,0.6,1.4,ascending,0.866025404,0.277777778
132,1,trained,4,0.9,0,0,0.6,1.4,ascending,0.866025404,0.277777778
132,1,trained,5,1,0,0,0.6,1.4,ascending,0.866025404,0.277777778
132,1,trained,6,1.1,0,1,0.6,1.4,ascending,0.866025404,0.277777778
132,1,trained,7,1.2,0,1,0.6,1.4,ascending,0.866025404,0.277777778
132,1,trained,8,1.3,0,1,0.6,1.4,ascending,0.866025404,0.277777778
132,1,trained,9,1.4,0,1,0.6,1.4,ascending,0.866025404,0.277777778
132,1,trained,10,1.4,0,1,1.4,0.6,descending,0.779422863,0.277777778
132,1,trained,11,1.3,0,1,1.4,0.6,descending,0.779422863,0.277777778
132,1,trained,12,1.2,0,1,1.4,0.6,descending,0.779422863,0.277777778
132,1,trained,13,1.1,1,0,1.4,0.6,descending,0.779422863,0.277777778
132,1,trained,14,1,1,1,1.4,0.6,descending,0.779422863,0.277777778
132,1,trained,15,0.9,0,0,1.4,0.6,descending,0.779422863,0.277777778
132,1,trained,16,0.8,0,0,1.4,0.6,descending,0.779422863,0.277777778
132,1,trained,17,0.7,0,0,1.4,0.6,descending,0.779422863,0.277777778
132,1,trained,18,0.6,0,0,1.4,0.6,descending,0.779422863,0.277777778
132,1,trained,19,0.6,0,0,0.6,1.4,ascending,0.866025404,0.277777778
132,1,trained,20,0.7,0,0,0.6,1.4,ascending,0.866025404,0.277777778
132,1,trained,21,0.8,0,0,0.6,1.4,ascending,0.866025404,0.277777778
132,1,trained,22,0.9,0,0,0.6,1.4,ascending,0.866025404,0.277777778
132,1,trained,23,1,1,1,0.6,1.4,ascending,0.866025404,0.277777778
132,1,trained,24,1.1,0,1,0.6,1.4,ascending,0.866025404,0.277777778
132,1,trained,25,1.2,0,1,0.6,1.4,ascending,0.866025404,0.277777778
132,1,trained,26,1.3,0,1,0.6,1.4,ascending,0.866025404,0.277777778
132,1,trained,27,1.4,0,1,0.6,1.4,ascending,0.866025404,0.277777778
132,1,trained,28,1.4,0,1,1.4,0.6,descending,0.724568837,0.194444444
132,1,trained,29,1.3,0,1,1.4,0.6,descending,0.724568837,0.194444444
132,1,trained,30,1.2,0,1,1.4,0.6,descending,0.724568837,0.194444444
132,1,trained,31,1.1,0,1,1.4,0.6,descending,0.724568837,0.194444444
132,1,trained,32,1,1,1,1.4,0.6,descending,0.724568837,0.194444444
132,1,trained,33,0.9,1,1,1.4,0.6,descending,0.724568837,0.194444444
132,1,trained,34,0.8,1,1,1.4,0.6,descending,0.724568837,0.194444444
132,1,trained,35,0.7,0,0,1.4,0.6,descending,0.724568837,0.194444444
132,1,trained,36,0.6,0,0,1.4,0.6,descending,0.724568837,0.194444444
132,1,trained,37,0.6,0,0,0.6,1.4,ascending,0.866025404,0.277777778
132,1,trained,38,0.7,0,0,0.6,1.4,ascending,0.866025404,0.277777778
132,1,trained,39,0.8,0,0,0.6,1.4,ascending,0.866025404,0.277777778
132,1,trained,40,0.9,0,0,0.6,1.4,ascending,0.866025404,0.277777778
132,1,trained,41,1,0,0,0.6,1.4,ascending,0.866025404,0.277777778
132,1,trained,42,1.1,0,1,0.6,1.4,ascending,0.866025404,0.277777778
132,1,trained,43,1.2,0,1,0.6,1.4,ascending,0.866025404,0.277777778
132,1,trained,44,1.3,0,1,0.6,1.4,ascending,0.866025404,0.277777778
132,1,trained,45,1.4,0,1,0.6,1.4,ascending,0.866025404,0.277777778
132,1,trained,46,1.4,0,1,1.4,0.6,descending,0.724568837,0.194444444
132,1,trained,47,1.3,0,1,1.4,0.6,descending,0.724568837,0.194444444
132,1,trained,48,1.2,0,1,1.4,0.6,descending,0.724568837,0.194444444
132,1,trained,49,1.1,0,1,1.4,0.6,descending,0.724568837,0.194444444
132,1,trained,50,1,1,1,1.4,0.6,descending,0.724568837,0.194444444
132,1,trained,51,0.9,1,1,1.4,0.6,descending,0.724568837,0.194444444
132,1,trained,52,0.8,1,1,1.4,0.6,descending,0.724568837,0.194444444
132,1,trained,53,0.7,0,0,1.4,0.6,descending,0.724568837,0.194444444
132,1,trained,54,0.6,0,0,1.4,0.6,descending,0.724568837,0.194444444
132,1,trained,55,0.6,0,0,0.6,1.4,ascending,0.866025404,0.277777778
132,1,trained,56,0.7,0,0,0.6,1.4,ascending,0.866025404,0.277777778
132,1,trained,57,0.8,0,0,0.6,1.4,ascending,0.866025404,0.277777778
132,1,trained,58,0.9,0,0,0.6,1.4,ascending,0.866025404,0.277777778
132,1,trained,59,1,0,0,0.6,1.4,ascending,0.866025404,0.277777778
132,1,trained,60,1.1,0,1,0.6,1.4,ascending,0.866025404,0.277777778
132,1,trained,61,1.2,0,1,0.6,1.4,ascending,0.866025404,0.277777778
132,1,trained,62,1.3,0,1,0.6,1.4,ascending,0.866025404,0.277777778
132,1,trained,63,1.4,0,1,0.6,1.4,ascending,0.866025404,0.277777778
132,1,trained,64,1.4,0,1,1.4,0.6,descending,0.866025404,0.277777778
132,1,trained,65,1.3,0,1,1.4,0.6,descending,0.866025404,0.277777778
132,1,trained,66,1.2,0,1,1.4,0.6,descending,0.866025404,0.277777778
132,1,trained,67,1.1,0,1,1.4,0.6,descending,0.866025404,0.277777778
132,1,trained,68,1,1,1,1.4,0.6,descending,0.866025404,0.277777778
132,1,trained,69,0.9,0,0,1.4,0.6,descending,0.866025404,0.277777778
132,1,trained,70,0.8,0,0,1.4,0.6,descending,0.866025404,0.277777778
132,1,trained,71,0.7,0,0,1.4,0.6,descending,0.866025404,0.277777778
132,1,trained,72,0.6,0,0,1.4,0.6,descending,0.866025404,0.277777778
132,2,untrained,1,1.4,0,1,1.4,0.6,descending,0.456435465,0.25
132,2,untrained,2,1.3,0,1,1.4,0.6,descending,0.456435465,0.25
132,2,untrained,3,1.2,1,0,1.4,0.6,descending,0.456435465,0.25
132,2,untrained,4,1.1,1,0,1.4,0.6,descending,0.456435465,0.25
132,2,untrained,5,1,0,0,1.4,0.6,descending,0.456435465,0.25
132,2,untrained,6,0.9,0,0,1.4,0.6,descending,0.456435465,0.25
132,2,untrained,7,0.8,1,1,1.4,0.6,descending,0.456435465,0.25
132,2,untrained,8,0.7,0,0,1.4,0.6,descending,0.456435465,0.25
132,2,untrained,9,0.6,0,0,1.4,0.6,descending,0.456435465,0.25
132,2,untrained,10,0.6,0,0,0.6,1.4,ascending,0.821583836,0.25
132,2,untrained,11,0.7,0,0,0.6,1.4,ascending,0.821583836,0.25
132,2,untrained,12,0.8,0,0,0.6,1.4,ascending,0.821583836,0.25
132,2,untrained,13,0.9,0,0,0.6,1.4,ascending,0.821583836,0.25
132,2,untrained,14,1,0,0,0.6,1.4,ascending,0.821583836,0.25
132,2,untrained,15,1.1,1,0,0.6,1.4,ascending,0.821583836,0.25
132,2,untrained,16,1.2,0,1,0.6,1.4,ascending,0.821583836,0.25
132,2,untrained,17,1.3,0,1,0.6,1.4,ascending,0.821583836,0.25
132,2,untrained,18,1.4,0,1,0.6,1.4,ascending,0.821583836,0.25
132,2,untrained,19,1.4,0,1,1.4,0.6,descending,0.692820323,0.277777778
132,2,untrained,20,1.3,0,1,1.4,0.6,descending,0.692820323,0.277777778
132,2,untrained,21,1.2,0,1,1.4,0.6,descending,0.692820323,0.277777778
132,2,untrained,22,1.1,1,0,1.4,0.6,descending,0.692820323,0.277777778
132,2,untrained,23,1,0,0,1.4,0.6,descending,0.692820323,0.277777778
132,2,untrained,24,0.9,1,1,1.4,0.6,descending,0.692820323,0.277777778
132,2,untrained,25,0.8,0,0,1.4,0.6,descending,0.692820323,0.277777778
132,2,untrained,26,0.7,0,0,1.4,0.6,descending,0.692820323,0.277777778
132,2,untrained,27,0.6,0,0,1.4,0.6,descending,0.692820323,0.277777778
132,2,untrained,28,0.6,0,0,0.6,1.4,ascending,0.866025404,0.277777778
132,2,untrained,29,0.7,0,0,0.6,1.4,ascending,0.866025404,0.277777778
132,2,untrained,30,0.8,0,0,0.6,1.4,ascending,0.866025404,0.277777778
132,2,untrained,31,0.9,0,0,0.6,1.4,ascending,0.866025404,0.277777778
132,2,untrained,32,1,0,0,0.6,1.4,ascending,0.866025404,0.277777778
132,2,untrained,33,1.1,0,1,0.6,1.4,ascending,0.866025404,0.277777778
132,2,untrained,34,1.2,0,1,0.6,1.4,ascending,0.866025404,0.277777778
132,2,untrained,35,1.3,0,1,0.6,1.4,ascending,0.866025404,0.277777778
132,2,untrained,36,1.4,0,1,0.6,1.4,ascending,0.866025404,0.277777778
132,2,untrained,37,1.4,0,1,1.4,0.6,descending,0.866025404,0.277777778
132,2,untrained,38,1.3,0,1,1.4,0.6,descending,0.866025404,0.277777778
132,2,untrained,39,1.2,0,1,1.4,0.6,descending,0.866025404,0.277777778
132,2,untrained,40,1.1,0,1,1.4,0.6,descending,0.866025404,0.277777778
132,2,untrained,41,1,0,0,1.4,0.6,descending,0.866025404,0.277777778
132,2,untrained,42,0.9,0,0,1.4,0.6,descending,0.866025404,0.277777778
132,2,untrained,43,0.8,0,0,1.4,0.6,descending,0.866025404,0.277777778
132,2,untrained,44,0.7,0,0,1.4,0.6,descending,0.866025404,0.277777778
132,2,untrained,45,0.6,0,0,1.4,0.6,descending,0.866025404,0.277777778
132,2,untrained,46,0.6,0,0,0.6,1.4,ascending,0.821583836,0.25
132,2,untrained,47,0.7,0,0,0.6,1.4,ascending,0.821583836,0.25
132,2,untrained,48,0.8,0,0,0.6,1.4,ascending,0.821583836,0.25
132,2,untrained,49,0.9,1,1,0.6,1.4,ascending,0.821583836,0.25
132,2,untrained,50,1,1,1,0.6,1.4,ascending,0.821583836,0.25
132,2,untrained,51,1.1,0,1,0.6,1.4,ascending,0.821583836,0.25
132,2,untrained,52,1.2,0,1,0.6,1.4,ascending,0.821583836,0.25
132,2,untrained,53,1.3,0,1,0.6,1.4,ascending,0.821583836,0.25
132,2,untrained,54,1.4,0,1,0.6,1.4,ascending,0.821583836,0.25
132,2,untrained,55,1.4,0,1,1.4,0.6,descending,0.779422863,0.277777778
132,2,untrained,56,1.3,0,1,1.4,0.6,descending,0.779422863,0.277777778
132,2,untrained,57,1.2,0,1,1.4,0.6,descending,0.779422863,0.277777778
132,2,untrained,58,1.1,0,1,1.4,0.6,descending,0.779422863,0.277777778
132,2,untrained,59,1,0,0,1.4,0.6,descending,0.779422863,0.277777778
132,2,untrained,60,0.9,1,1,1.4,0.6,descending,0.779422863,0.277777778
132,2,untrained,61,0.8,0,0,1.4,0.6,descending,0.779422863,0.277777778
132,2,untrained,62,0.7,0,0,1.4,0.6,descending,0.779422863,0.277777778
132,2,untrained,63,0.6,0,0,1.4,0.6,descending,0.779422863,0.277777778
132,2,untrained,64,0.6,0,0,0.6,1.4,ascending,0.692820323,0.277777778
132,2,untrained,65,0.7,0,0,0.6,1.4,ascending,0.692820323,0.277777778
132,2,untrained,66,0.8,0,0,0.6,1.4,ascending,0.692820323,0.277777778
132,2,untrained,67,0.9,1,1,0.6,1.4,ascending,0.692820323,0.277777778
132,2,untrained,68,1,0,0,0.6,1.4,ascending,0.692820323,0.277777778
132,2,untrained,69,1.1,1,0,0.6,1.4,ascending,0.692820323,0.277777778
132,2,untrained,70,1.2,0,1,0.6,1.4,ascending,0.692820323,0.277777778
132,2,untrained,71,1.3,0,1,0.6,1.4,ascending,0.692820323,0.277777778
132,2,untrained,72,1.4,0,1,0.6,1.4,ascending,0.692820323,0.277777778
133,1,untrained,1,0.6,0,0,0.6,1.4,ascending,0.866025404,0.277777778
133,1,untrained,2,0.7,0,0,0.6,1.4,ascending,0.866025404,0.277777778
133,1,untrained,3,0.8,0,0,0.6,1.4,ascending,0.866025404,0.277777778
133,1,untrained,4,0.9,0,0,0.6,1.4,ascending,0.866025404,0.277777778
133,1,untrained,5,1,0,0,0.6,1.4,ascending,0.866025404,0.277777778
133,1,untrained,6,1.1,0,1,0.6,1.4,ascending,0.866025404,0.277777778
133,1,untrained,7,1.2,0,1,0.6,1.4,ascending,0.866025404,0.277777778
133,1,untrained,8,1.3,0,1,0.6,1.4,ascending,0.866025404,0.277777778
133,1,untrained,9,1.4,0,1,0.6,1.4,ascending,0.866025404,0.277777778
133,1,untrained,10,1.4,0,1,1.4,0.6,descending,0.821583836,0.25
133,1,untrained,11,1.3,0,1,1.4,0.6,descending,0.821583836,0.25
133,1,untrained,12,1.2,0,1,1.4,0.6,descending,0.821583836,0.25
133,1,untrained,13,1.1,0,1,1.4,0.6,descending,0.821583836,0.25
133,1,untrained,14,1,1,1,1.4,0.6,descending,0.821583836,0.25
133,1,untrained,15,0.9,1,1,1.4,0.6,descending,0.821583836,0.25
133,1,untrained,16,0.8,0,0,1.4,0.6,descending,0.821583836,0.25
133,1,untrained,17,0.7,0,0,1.4,0.6,descending,0.821583836,0.25
133,1,untrained,18,0.6,0,0,1.4,0.6,descending,0.821583836,0.25
133,1,untrained,19,0.6,1,1,0.6,1.4,ascending,0.519615242,0.277777778
133,1,untrained,20,0.7,0,0,0.6,1.4,ascending,0.519615242,0.277777778
133,1,untrained,21,0.8,0,0,0.6,1.4,ascending,0.519615242,0.277777778
133,1,untrained,22,0.9,0,0,0.6,1.4,ascending,0.519615242,0.277777778
133,1,untrained,23,1,0,0,0.6,1.4,ascending,0.519615242,0.277777778
133,1,untrained,24,1.1,0,1,0.6,1.4,ascending,0.519615242,0.277777778
133,1,untrained,25,1.2,0,1,0.6,1.4,ascending,0.519615242,0.277777778
133,1,untrained,26,1.3,0,1,0.6,1.4,ascending,0.519615242,0.277777778
133,1,untrained,27,1.4,0,1,0.6,1.4,ascending,0.519615242,0.277777778
133,1,untrained,28,1.4,0,1,1.4,0.6,descending,0.51754917,0.194444444
133,1,untrained,29,1.3,0,1,1.4,0.6,descending,0.51754917,0.194444444
133,1,untrained,30,1.2,0,1,1.4,0.6,descending,0.51754917,0.194444444
133,1,untrained,31,1.1,0,1,1.4,0.6,descending,0.51754917,0.194444444
133,1,untrained,32,1,1,1,1.4,0.6,descending,0.51754917,0.194444444
133,1,untrained,33,0.9,0,0,1.4,0.6,descending,0.51754917,0.194444444
133,1,untrained,34,0.8,1,1,1.4,0.6,descending,0.51754917,0.194444444
133,1,untrained,35,0.7,1,1,1.4,0.6,descending,0.51754917,0.194444444
133,1,untrained,36,0.6,0,0,1.4,0.6,descending,0.51754917,0.194444444
133,1,untrained,37,0.6,1,1,0.6,1.4,ascending,0.51754917,0.194444444
133,1,untrained,38,0.7,0,0,0.6,1.4,ascending,0.51754917,0.194444444
133,1,untrained,39,0.8,0,0,0.6,1.4,ascending,0.51754917,0.194444444
133,1,untrained,40,0.9,1,1,0.6,1.4,ascending,0.51754917,0.194444444
133,1,untrained,41,1,1,1,0.6,1.4,ascending,0.51754917,0.194444444
133,1,untrained,42,1.1,0,1,0.6,1.4,ascending,0.51754917,0.194444444
133,1,untrained,43,1.2,0,1,0.6,1.4,ascending,0.51754917,0.194444444
133,1,untrained,44,1.3,0,1,0.6,1.4,ascending,0.51754917,0.194444444
133,1,untrained,45,1.4,0,1,0.6,1.4,ascending,0.51754917,0.194444444
133,1,untrained,46,1.4,0,1,1.4,0.6,descending,0.821583836,0.25
133,1,untrained,47,1.3,0,1,1.4,0.6,descending,0.821583836,0.25
133,1,untrained,48,1.2,0,1,1.4,0.6,descending,0.821583836,0.25
133,1,untrained,49,1.1,0,1,1.4,0.6,descending,0.821583836,0.25
133,1,untrained,50,1,1,1,1.4,0.6,descending,0.821583836,0.25
133,1,untrained,51,0.9,1,1,1.4,0.6,descending,0.821583836,0.25
133,1,untrained,52,0.8,0,0,1.4,0.6,descending,0.821583836,0.25
133,1,untrained,53,0.7,0,0,1.4,0.6,descending,0.821583836,0.25
133,1,untrained,54,0.6,0,0,1.4,0.6,descending,0.821583836,0.25
133,1,untrained,55,0.6,0,0,0.6,1.4,ascending,0.821583836,0.25
133,1,untrained,56,0.7,0,0,0.6,1.4,ascending,0.821583836,0.25
133,1,untrained,57,0.8,0,0,0.6,1.4,ascending,0.821583836,0.25
133,1,untrained,58,0.9,1,1,0.6,1.4,ascending,0.821583836,0.25
133,1,untrained,59,1,1,1,0.6,1.4,ascending,0.821583836,0.25
133,1,untrained,60,1.1,0,1,0.6,1.4,ascending,0.821583836,0.25
133,1,untrained,61,1.2,0,1,0.6,1.4,ascending,0.821583836,0.25
133,1,untrained,62,1.3,0,1,0.6,1.4,ascending,0.821583836,0.25
133,1,untrained,63,1.4,0,1,0.6,1.4,ascending,0.821583836,0.25
133,1,untrained,64,1.4,0,1,1.4,0.6,descending,0.456435465,0.25
133,1,untrained,65,1.3,0,1,1.4,0.6,descending,0.456435465,0.25
133,1,untrained,66,1.2,0,1,1.4,0.6,descending,0.456435465,0.25
133,1,untrained,67,1.1,1,0,1.4,0.6,descending,0.456435465,0.25
133,1,untrained,68,1,1,1,1.4,0.6,descending,0.456435465,0.25
133,1,untrained,69,0.9,1,1,1.4,0.6,descending,0.456435465,0.25
133,1,untrained,70,0.8,0,0,1.4,0.6,descending,0.456435465,0.25
133,1,untrained,71,0.7,1,1,1.4,0.6,descending,0.456435465,0.25
133,1,untrained,72,0.6,0,0,1.4,0.6,descending,0.456435465,0.25
133,2,trained,1,1.4,0,1,1.4,0.6,descending,0.866025404,0.277777778
133,2,trained,2,1.3,0,1,1.4,0.6,descending,0.866025404,0.277777778
133,2,trained,3,1.2,0,1,1.4,0.6,descending,0.866025404,0.277777778
133,2,trained,4,1.1,0,1,1.4,0.6,descending,0.866025404,0.277777778
133,2,trained,5,1,1,1,1.4,0.6,descending,0.866025404,0.277777778
133,2,trained,6,0.9,0,0,1.4,0.6,descending,0.866025404,0.277777778
133,2,trained,7,0.8,0,0,1.4,0.6,descending,0.866025404,0.277777778
133,2,trained,8,0.7,0,0,1.4,0.6,descending,0.866025404,0.277777778
133,2,trained,9,0.6,0,0,1.4,0.6,descending,0.866025404,0.277777778
133,2,trained,10,0.6,0,0,0.6,1.4,ascending,0.866025404,0.277777778
133,2,trained,11,0.7,0,0,0.6,1.4,ascending,0.866025404,0.277777778
133,2,trained,12,0.8,0,0,0.6,1.4,ascending,0.866025404,0.277777778
133,2,trained,13,0.9,0,0,0.6,1.4,ascending,0.866025404,0.277777778
133,2,trained,14,1,1,1,0.6,1.4,ascending,0.866025404,0.277777778
133,2,trained,15,1.1,0,1,0.6,1.4,ascending,0.866025404,0.277777778
133,2,trained,16,1.2,0,1,0.6,1.4,ascending,0.866025404,0.277777778
133,2,trained,17,1.3,0,1,0.6,1.4,ascending,0.866025404,0.277777778
133,2,trained,18,1.4,0,1,0.6,1.4,ascending,0.866025404,0.277777778
133,2,trained,19,1.4,0,1,1.4,0.6,descending,0.821583836,0.25
133,2,trained,20,1.3,0,1,1.4,0.6,descending,0.821583836,0.25
133,2,trained,21,1.2,0,1,1.4,0.6,descending,0.821583836,0.25
133,2,trained,22,1.1,0,1,1.4,0.6,descending,0.821583836,0.25
133,2,trained,23,1,1,1,1.4,0.6,descending,0.821583836,0.25
133,2,trained,24,0.9,1,1,1.4,0.6,descending,0.821583836,0.25
133,2,trained,25,0.8,0,0,1.4,0.6,descending,0.821583836,0.25
133,2,trained,26,0.7,0,0,1.4,0.6,descending,0.821583836,0.25
133,2,trained,27,0.6,0,0,1.4,0.6,descending,0.821583836,0.25
133,2,trained,28,0.6,1,1,0.6,1.4,ascending,0.519615242,0.277777778
133,2,trained,29,0.7,0,0,0.6,1.4,ascending,0.519615242,0.277777778
133,2,trained,30,0.8,0,0,0.6,1.4,ascending,0.519615242,0.277777778
133,2,trained,31,0.9,0,0,0.6,1.4,ascending,0.519615242,0.277777778
133,2,trained,32,1,0,0,0.6,1.4,ascending,0.519615242,0.277777778
133,2,trained,33,1.1,0,1,0.6,1.4,ascending,0.519615242,0.277777778
133,2,trained,34,1.2,0,1,0.6,1.4,ascending,0.519615242,0.277777778
133,2,trained,35,1.3,0,1,0.6,1.4,ascending,0.519615242,0.277777778
133,2,trained,36,1.4,0,1,0.6,1.4,ascending,0.519615242,0.277777778
133,2,trained,46,0.6,0,0,0.6,1.4,ascending,0.724568837,0.194444444
133,2,trained,47,0.7,0,0,0.6,1.4,ascending,0.724568837,0.194444444
133,2,trained,48,0.8,1,1,0.6,1.4,ascending,0.724568837,0.194444444
133,2,trained,49,0.9,1,1,0.6,1.4,ascending,0.724568837,0.194444444
133,2,trained,50,1,1,1,0.6,1.4,ascending,0.724568837,0.194444444
133,2,trained,51,1.1,0,1,0.6,1.4,ascending,0.724568837,0.194444444
133,2,trained,52,1.2,0,1,0.6,1.4,ascending,0.724568837,0.194444444
133,2,trained,53,1.3,0,1,0.6,1.4,ascending,0.724568837,0.194444444
133,2,trained,54,1.4,0,1,0.6,1.4,ascending,0.724568837,0.194444444
133,2,trained,55,1.4,0,1,1.4,0.6,descending,0.547722558,0.25
133,2,trained,56,1.3,0,1,1.4,0.6,descending,0.547722558,0.25
133,2,trained,57,1.2,0,1,1.4,0.6,descending,0.547722558,0.25
133,2,trained,58,1.1,0,1,1.4,0.6,descending,0.547722558,0.25
133,2,trained,59,1,1,1,1.4,0.6,descending,0.547722558,0.25
133,2,trained,60,0.9,0,0,1.4,0.6,descending,0.547722558,0.25
133,2,trained,61,0.8,0,0,1.4,0.6,descending,0.547722558,0.25
133,2,trained,62,0.7,0,0,1.4,0.6,descending,0.547722558,0.25
133,2,trained,63,0.6,1,1,1.4,0.6,descending,0.547722558,0.25
133,2,trained,64,0.6,1,1,0.6,1.4,ascending,0.519615242,0.277777778
133,2,trained,65,0.7,0,0,0.6,1.4,ascending,0.519615242,0.277777778
133,2,trained,66,0.8,0,0,0.6,1.4,ascending,0.519615242,0.277777778
133,2,trained,67,0.9,0,0,0.6,1.4,ascending,0.519615242,0.277777778
133,2,trained,68,1,0,0,0.6,1.4,ascending,0.519615242,0.277777778
133,2,trained,69,1.1,0,1,0.6,1.4,ascending,0.519615242,0.277777778
133,2,trained,70,1.2,0,1,0.6,1.4,ascending,0.519615242,0.277777778
133,2,trained,71,1.3,0,1,0.6,1.4,ascending,0.519615242,0.277777778
133,2,trained,72,1.4,0,1,0.6,1.4,ascending,0.519615242,0.277777778
134,1,untrained,1,0.6,0,0,0.6,1.4,ascending,0.547722558,0.25
134,1,untrained,2,0.7,0,0,0.6,1.4,ascending,0.547722558,0.25
134,1,untrained,3,0.8,1,1,0.6,1.4,ascending,0.547722558,0.25
134,1,untrained,4,0.9,1,1,0.6,1.4,ascending,0.547722558,0.25
134,1,untrained,5,1,1,1,0.6,1.4,ascending,0.547722558,0.25
134,1,untrained,6,1.1,1,0,0.6,1.4,ascending,0.547722558,0.25
134,1,untrained,7,1.2,0,1,0.6,1.4,ascending,0.547722558,0.25
134,1,untrained,8,1.3,0,1,0.6,1.4,ascending,0.547722558,0.25
134,1,untrained,9,1.4,0,1,0.6,1.4,ascending,0.547722558,0.25
134,1,untrained,10,1.4,0,1,1.4,0.6,descending,0.547722558,0.111111111
134,1,untrained,11,1.3,0,1,1.4,0.6,descending,0.547722558,0.111111111
134,1,untrained,12,1.2,0,1,1.4,0.6,descending,0.547722558,0.111111111
134,1,untrained,13,1.1,0,1,1.4,0.6,descending,0.547722558,0.111111111
134,1,untrained,14,1,1,1,1.4,0.6,descending,0.547722558,0.111111111
134,1,untrained,15,0.9,1,1,1.4,0.6,descending,0.547722558,0.111111111
134,1,untrained,16,0.8,1,1,1.4,0.6,descending,0.547722558,0.111111111
134,1,untrained,17,0.7,1,1,1.4,0.6,descending,0.547722558,0.111111111
134,1,untrained,18,0.6,0,0,1.4,0.6,descending,0.547722558,0.111111111
134,1,untrained,19,0.6,0,0,0.6,1.4,ascending,0.547722558,0.111111111
134,1,untrained,20,0.7,1,1,0.6,1.4,ascending,0.547722558,0.111111111
134,1,untrained,21,0.8,1,1,0.6,1.4,ascending,0.547722558,0.111111111
134,1,untrained,22,0.9,1,1,0.6,1.4,ascending,0.547722558,0.111111111
134,1,untrained,23,1,1,1,0.6,1.4,ascending,0.547722558,0.111111111
134,1,untrained,24,1.1,0,1,0.6,1.4,ascending,0.547722558,0.111111111
134,1,untrained,25,1.2,0,1,0.6,1.4,ascending,0.547722558,0.111111111
134,1,untrained,26,1.3,0,1,0.6,1.4,ascending,0.547722558,0.111111111
134,1,untrained,27,1.4,0,1,0.6,1.4,ascending,0.547722558,0.111111111
134,1,untrained,28,1.4,0,1,1.4,0.6,descending,0.547722558,0.111111111
134,1,untrained,29,1.3,0,1,1.4,0.6,descending,0.547722558,0.111111111
134,1,untrained,30,1.2,0,1,1.4,0.6,descending,0.547722558,0.111111111
134,1,untrained,31,1.1,0,1,1.4,0.6,descending,0.547722558,0.111111111
134,1,untrained,32,1,1,1,1.4,0.6,descending,0.547722558,0.111111111
134,1,untrained,33,0.9,1,1,1.4,0.6,descending,0.547722558,0.111111111
134,1,untrained,34,0.8,1,1,1.4,0.6,descending,0.547722558,0.111111111
134,1,untrained,35,0.7,1,1,1.4,0.6,descending,0.547722558,0.111111111
134,1,untrained,36,0.6,0,0,1.4,0.6,descending,0.547722558,0.111111111
134,1,untrained,37,0.6,1,1,0.6,1.4,ascending,0.547722558,0.25
134,1,untrained,38,0.7,0,0,0.6,1.4,ascending,0.547722558,0.25
134,1,untrained,39,0.8,0,0,0.6,1.4,ascending,0.547722558,0.25
134,1,untrained,40,0.9,0,0,0.6,1.4,ascending,0.547722558,0.25
134,1,untrained,41,1,1,1,0.6,1.4,ascending,0.547722558,0.25
134,1,untrained,42,1.1,0,1,0.6,1.4,ascending,0.547722558,0.25
134,1,untrained,43,1.2,0,1,0.6,1.4,ascending,0.547722558,0.25
134,1,untrained,44,1.3,0,1,0.6,1.4,ascending,0.547722558,0.25
134,1,untrained,45,1.4,0,1,0.6,1.4,ascending,0.547722558,0.25
134,1,untrained,46,1.4,0,1,1.4,0.6,descending,0.724568837,0.194444444
134,1,untrained,47,1.3,0,1,1.4,0.6,descending,0.724568837,0.194444444
134,1,untrained,48,1.2,0,1,1.4,0.6,descending,0.724568837,0.194444444
134,1,untrained,49,1.1,0,1,1.4,0.6,descending,0.724568837,0.194444444
134,1,untrained,50,1,1,1,1.4,0.6,descending,0.724568837,0.194444444
134,1,untrained,51,0.9,1,1,1.4,0.6,descending,0.724568837,0.194444444
134,1,untrained,52,0.8,1,1,1.4,0.6,descending,0.724568837,0.194444444
134,1,untrained,53,0.7,0,0,1.4,0.6,descending,0.724568837,0.194444444
134,1,untrained,54,0.6,0,0,1.4,0.6,descending,0.724568837,0.194444444
134,1,untrained,55,0.6,0,0,0.6,1.4,ascending,0.724568837,0.194444444
134,1,untrained,56,0.7,0,0,0.6,1.4,ascending,0.724568837,0.194444444
134,1,untrained,57,0.8,1,1,0.6,1.4,ascending,0.724568837,0.194444444
134,1,untrained,58,0.9,1,1,0.6,1.4,ascending,0.724568837,0.194444444
134,1,untrained,59,1,1,1,0.6,1.4,ascending,0.724568837,0.194444444
134,1,untrained,60,1.1,0,1,0.6,1.4,ascending,0.724568837,0.194444444
134,1,untrained,61,1.2,0,1,0.6,1.4,ascending,0.724568837,0.194444444
134,1,untrained,62,1.3,0,1,0.6,1.4,ascending,0.724568837,0.194444444
134,1,untrained,63,1.4,0,1,0.6,1.4,ascending,0.724568837,0.194444444
134,1,untrained,64,1.4,0,1,1.4,0.6,descending,0.621059003,0.194444444
134,1,untrained,65,1.3,0,1,1.4,0.6,descending,0.621059003,0.194444444
134,1,untrained,66,1.2,0,1,1.4,0.6,descending,0.621059003,0.194444444
134,1,untrained,67,1.1,0,1,1.4,0.6,descending,0.621059003,0.194444444
134,1,untrained,68,1,1,1,1.4,0.6,descending,0.621059003,0.194444444
134,1,untrained,69,0.9,1,1,1.4,0.6,descending,0.621059003,0.194444444
134,1,untrained,70,0.8,0,0,1.4,0.6,descending,0.621059003,0.194444444
134,1,untrained,71,0.7,1,1,1.4,0.6,descending,0.621059003,0.194444444
134,1,untrained,72,0.6,0,0,1.4,0.6,descending,0.621059003,0.194444444
134,2,trained,1,1.4,0,1,1.4,0.6,descending,0.547722558,0.111111111
134,2,trained,2,1.3,0,1,1.4,0.6,descending,0.547722558,0.111111111
134,2,trained,3,1.2,0,1,1.4,0.6,descending,0.547722558,0.111111111
134,2,trained,4,1.1,0,1,1.4,0.6,descending,0.547722558,0.111111111
134,2,trained,5,1,1,1,1.4,0.6,descending,0.547722558,0.111111111
134,2,trained,6,0.9,1,1,1.4,0.6,descending,0.547722558,0.111111111
134,2,trained,7,0.8,1,1,1.4,0.6,descending,0.547722558,0.111111111
134,2,trained,8,0.7,1,1,1.4,0.6,descending,0.547722558,0.111111111
134,2,trained,9,0.6,0,0,1.4,0.6,descending,0.547722558,0.111111111
134,2,trained,10,0.6,0,0,0.6,1.4,ascending,0.866025404,0.277777778
134,2,trained,11,0.7,0,0,0.6,1.4,ascending,0.866025404,0.277777778
134,2,trained,12,0.8,0,0,0.6,1.4,ascending,0.866025404,0.277777778
134,2,trained,13,0.9,0,0,0.6,1.4,ascending,0.866025404,0.277777778
134,2,trained,14,1,1,1,0.6,1.4,ascending,0.866025404,0.277777778
134,2,trained,15,1.1,0,1,0.6,1.4,ascending,0.866025404,0.277777778
134,2,trained,16,1.2,0,1,0.6,1.4,ascending,0.866025404,0.277777778
134,2,trained,17,1.3,0,1,0.6,1.4,ascending,0.866025404,0.277777778
134,2,trained,18,1.4,0,1,0.6,1.4,ascending,0.866025404,0.277777778
134,2,trained,46,0.6,0,0,0.6,1.4,ascending,0.724568837,0.194444444
134,2,trained,47,0.7,0,0,0.6,1.4,ascending,0.724568837,0.194444444
134,2,trained,48,0.8,1,1,0.6,1.4,ascending,0.724568837,0.194444444
134,2,trained,49,0.9,1,1,0.6,1.4,ascending,0.724568837,0.194444444
134,2,trained,50,1,1,1,0.6,1.4,ascending,0.724568837,0.194444444
134,2,trained,51,1.1,0,1,0.6,1.4,ascending,0.724568837,0.194444444
134,2,trained,52,1.2,0,1,0.6,1.4,ascending,0.724568837,0.194444444
134,2,trained,53,1.3,0,1,0.6,1.4,ascending,0.724568837,0.194444444
134,2,trained,54,1.4,0,1,0.6,1.4,ascending,0.724568837,0.194444444
134,2,trained,64,0.6,1,1,0.6,1.4,ascending,0.547722558,0.25
134,2,trained,65,0.7,0,0,0.6,1.4,ascending,0.547722558,0.25
134,2,trained,66,0.8,0,0,0.6,1.4,ascending,0.547722558,0.25
134,2,trained,67,0.9,0,0,0.6,1.4,ascending,0.547722558,0.25
134,2,trained,68,1,1,1,0.6,1.4,ascending,0.547722558,0.25
134,2,trained,69,1.1,0,1,0.6,1.4,ascending,0.547722558,0.25
134,2,trained,70,1.2,0,1,0.6,1.4,ascending,0.547722558,0.25
134,2,trained,71,1.3,0,1,0.6,1.4,ascending,0.547722558,0.25
134,2,trained,72,1.4,0,1,0.6,1.4,ascending,0.547722558,0.25
135,1,untrained,1,0.6,0,0,0.6,1.4,ascending,0.821583836,0.25
135,1,untrained,2,0.7,0,0,0.6,1.4,ascending,0.821583836,0.25
135,1,untrained,3,0.8,0,0,0.6,1.4,ascending,0.821583836,0.25
135,1,untrained,4,0.9,0,0,0.6,1.4,ascending,0.821583836,0.25
135,1,untrained,5,1,0,0,0.6,1.4,ascending,0.821583836,0.25
135,1,untrained,6,1.1,1,0,0.6,1.4,ascending,0.821583836,0.25
135,1,untrained,7,1.2,0,1,0.6,1.4,ascending,0.821583836,0.25
135,1,untrained,8,1.3,0,1,0.6,1.4,ascending,0.821583836,0.25
135,1,untrained,9,1.4,0,1,0.6,1.4,ascending,0.821583836,0.25
135,1,untrained,10,1.4,0,1,1.4,0.6,descending,0.821583836,0.25
135,1,untrained,11,1.3,0,1,1.4,0.6,descending,0.821583836,0.25
135,1,untrained,12,1.2,0,1,1.4,0.6,descending,0.821583836,0.25
135,1,untrained,13,1.1,1,0,1.4,0.6,descending,0.821583836,0.25
135,1,untrained,14,1,0,0,1.4,0.6,descending,0.821583836,0.25
135,1,untrained,15,0.9,0,0,1.4,0.6,descending,0.821583836,0.25
135,1,untrained,16,0.8,0,0,1.4,0.6,descending,0.821583836,0.25
135,1,untrained,17,0.7,0,0,1.4,0.6,descending,0.821583836,0.25
135,1,untrained,18,0.6,0,0,1.4,0.6,descending,0.821583836,0.25
135,1,untrained,19,0.6,0,0,0.6,1.4,ascending,0.866025404,0.277777778
135,1,untrained,20,0.7,0,0,0.6,1.4,ascending,0.866025404,0.277777778
135,1,untrained,21,0.8,0,0,0.6,1.4,ascending,0.866025404,0.277777778
135,1,untrained,22,0.9,0,0,0.6,1.4,ascending,0.866025404,0.277777778
135,1,untrained,23,1,0,0,0.6,1.4,ascending,0.866025404,0.277777778
135,1,untrained,24,1.1,0,1,0.6,1.4,ascending,0.866025404,0.277777778
135,1,untrained,25,1.2,0,1,0.6,1.4,ascending,0.866025404,0.277777778
135,1,untrained,26,1.3,0,1,0.6,1.4,ascending,0.866025404,0.277777778
135,1,untrained,27,1.4,0,1,0.6,1.4,ascending,0.866025404,0.277777778
135,1,untrained,28,1.4,0,1,1.4,0.6,descending,0.692820323,0.277777778
135,1,untrained,29,1.3,0,1,1.4,0.6,descending,0.692820323,0.277777778
135,1,untrained,30,1.2,0,1,1.4,0.6,descending,0.692820323,0.277777778
135,1,untrained,31,1.1,1,0,1.4,0.6,descending,0.692820323,0.277777778
135,1,untrained,32,1,0,0,1.4,0.6,descending,0.692820323,0.277777778
135,1,untrained,33,0.9,1,1,1.4,0.6,descending,0.692820323,0.277777778
135,1,untrained,34,0.8,0,0,1.4,0.6,descending,0.692820323,0.277777778
135,1,untrained,35,0.7,0,0,1.4,0.6,descending,0.692820323,0.277777778
135,1,untrained,36,0.6,0,0,1.4,0.6,descending,0.692820323,0.277777778
135,1,untrained,46,1.4,0,1,1.4,0.6,descending,0.821583836,0.25
135,1,untrained,47,1.3,0,1,1.4,0.6,descending,0.821583836,0.25
135,1,untrained,48,1.2,0,1,1.4,0.6,descending,0.821583836,0.25
135,1,untrained,49,1.1,1,0,1.4,0.6,descending,0.821583836,0.25
135,1,untrained,50,1,0,0,1.4,0.6,descending,0.821583836,0.25
135,1,untrained,51,0.9,0,0,1.4,0.6,descending,0.821583836,0.25
135,1,untrained,52,0.8,0,0,1.4,0.6,descending,0.821583836,0.25
135,1,untrained,53,0.7,0,0,1.4,0.6,descending,0.821583836,0.25
135,1,untrained,54,0.6,0,0,1.4,0.6,descending,0.821583836,0.25
135,1,untrained,55,0.6,0,0,0.6,1.4,ascending,0.866025404,0.277777778
135,1,untrained,56,0.7,0,0,0.6,1.4,ascending,0.866025404,0.277777778
135,1,untrained,57,0.8,0,0,0.6,1.4,ascending,0.866025404,0.277777778
135,1,untrained,58,0.9,0,0,0.6,1.4,ascending,0.866025404,0.277777778
135,1,untrained,59,1,0,0,0.6,1.4,ascending,0.866025404,0.277777778
135,1,untrained,60,1.1,0,1,0.6,1.4,ascending,0.866025404,0.277777778
135,1,untrained,61,1.2,0,1,0.6,1.4,ascending,0.866025404,0.277777778
135,1,untrained,62,1.3,0,1,0.6,1.4,ascending,0.866025404,0.277777778
135,1,untrained,63,1.4,0,1,0.6,1.4,ascending,0.866025404,0.277777778
135,1,untrained,64,1.4,0,1,1.4,0.6,descending,0.779422863,0.277777778
135,1,untrained,65,1.3,0,1,1.4,0.6,descending,0.779422863,0.277777778
135,1,untrained,66,1.2,0,1,1.4,0.6,descending,0.779422863,0.277777778
135,1,untrained,67,1.1,1,0,1.4,0.6,descending,0.779422863,0.277777778
135,1,untrained,68,1,1,1,1.4,0.6,descending,0.779422863,0.277777778
135,1,untrained,69,0.9,0,0,1.4,0.6,descending,0.779422863,0.277777778
135,1,untrained,70,0.8,0,0,1.4,0.6,descending,0.779422863,0.277777778
135,1,untrained,71,0.7,0,0,1.4,0.6,descending,0.779422863,0.277777778
135,1,untrained,72,0.6,0,0,1.4,0.6,descending,0.779422863,0.277777778
135,2,trained,1,1.4,0,1,1.4,0.6,descending,0.821583836,0.25
135,2,trained,2,1.3,0,1,1.4,0.6,descending,0.821583836,0.25
135,2,trained,3,1.2,0,1,1.4,0.6,descending,0.821583836,0.25
135,2,trained,4,1.1,1,0,1.4,0.6,descending,0.821583836,0.25
135,2,trained,5,1,0,0,1.4,0.6,descending,0.821583836,0.25
135,2,trained,6,0.9,0,0,1.4,0.6,descending,0.821583836,0.25
135,2,trained,7,0.8,0,0,1.4,0.6,descending,0.821583836,0.25
135,2,trained,8,0.7,0,0,1.4,0.6,descending,0.821583836,0.25
135,2,trained,9,0.6,0,0,1.4,0.6,descending,0.821583836,0.25
135,2,trained,10,0.6,0,0,0.6,1.4,ascending,0.866025404,0.277777778
135,2,trained,11,0.7,0,0,0.6,1.4,ascending,0.866025404,0.277777778
135,2,trained,12,0.8,0,0,0.6,1.4,ascending,0.866025404,0.277777778
135,2,trained,13,0.9,0,0,0.6,1.4,ascending,0.866025404,0.277777778
135,2,trained,14,1,0,0,0.6,1.4,ascending,0.866025404,0.277777778
135,2,trained,15,1.1,0,1,0.6,1.4,ascending,0.866025404,0.277777778
135,2,trained,16,1.2,0,1,0.6,1.4,ascending,0.866025404,0.277777778
135,2,trained,17,1.3,0,1,0.6,1.4,ascending,0.866025404,0.277777778
135,2,trained,18,1.4,0,1,0.6,1.4,ascending,0.866025404,0.277777778
135,2,trained,19,1.4,0,1,1.4,0.6,descending,0.779422863,0.277777778
135,2,trained,20,1.3,0,1,1.4,0.6,descending,0.779422863,0.277777778
135,2,trained,21,1.2,0,1,1.4,0.6,descending,0.779422863,0.277777778
135,2,trained,22,1.1,1,0,1.4,0.6,descending,0.779422863,0.277777778
135,2,trained,23,1,1,1,1.4,0.6,descending,0.779422863,0.277777778
135,2,trained,24,0.9,0,0,1.4,0.6,descending,0.779422863,0.277777778
135,2,trained,25,0.8,0,0,1.4,0.6,descending,0.779422863,0.277777778
135,2,trained,26,0.7,0,0,1.4,0.6,descending,0.779422863,0.277777778
135,2,trained,27,0.6,0,0,1.4,0.6,descending,0.779422863,0.277777778
135,2,trained,28,0.6,0,0,0.6,1.4,ascending,0.866025404,0.277777778
135,2,trained,29,0.7,0,0,0.6,1.4,ascending,0.866025404,0.277777778
135,2,trained,30,0.8,0,0,0.6,1.4,ascending,0.866025404,0.277777778
135,2,trained,31,0.9,0,0,0.6,1.4,ascending,0.866025404,0.277777778
135,2,trained,32,1,0,0,0.6,1.4,ascending,0.866025404,0.277777778
135,2,trained,33,1.1,0,1,0.6,1.4,ascending,0.866025404,0.277777778
135,2,trained,34,1.2,0,1,0.6,1.4,ascending,0.866025404,0.277777778
135,2,trained,35,1.3,0,1,0.6,1.4,ascending,0.866025404,0.277777778
135,2,trained,36,1.4,0,1,0.6,1.4,ascending,0.866025404,0.277777778
135,2,trained,37,1.4,0,1,1.4,0.6,descending,0.866025404,0.277777778
135,2,trained,38,1.3,0,1,1.4,0.6,descending,0.866025404,0.277777778
135,2,trained,39,1.2,0,1,1.4,0.6,descending,0.866025404,0.277777778
135,2,trained,40,1.1,0,1,1.4,0.6,descending,0.866025404,0.277777778
135,2,trained,41,1,0,0,1.4,0.6,descending,0.866025404,0.277777778
135,2,trained,42,0.9,0,0,1.4,0.6,descending,0.866025404,0.277777778
135,2,trained,43,0.8,0,0,1.4,0.6,descending,0.866025404,0.277777778
135,2,trained,44,0.7,0,0,1.4,0.6,descending,0.866025404,0.277777778
135,2,trained,45,0.6,0,0,1.4,0.6,descending,0.866025404,0.277777778
135,2,trained,46,0.6,0,0,0.6,1.4,ascending,0.866025404,0.277777778
135,2,trained,47,0.7,0,0,0.6,1.4,ascending,0.866025404,0.277777778
135,2,trained,48,0.8,0,0,0.6,1.4,ascending,0.866025404,0.277777778
135,2,trained,49,0.9,0,0,0.6,1.4,ascending,0.866025404,0.277777778
135,2,trained,50,1,0,0,0.6,1.4,ascending,0.866025404,0.277777778
135,2,trained,51,1.1,0,1,0.6,1.4,ascending,0.866025404,0.277777778
135,2,trained,52,1.2,0,1,0.6,1.4,ascending,0.866025404,0.277777778
135,2,trained,53,1.3,0,1,0.6,1.4,ascending,0.866025404,0.277777778
135,2,trained,54,1.4,0,1,0.6,1.4,ascending,0.866025404,0.277777778
135,2,trained,55,1.4,0,1,1.4,0.6,descending,0.821583836,0.25
135,2,trained,56,1.3,0,1,1.4,0.6,descending,0.821583836,0.25
135,2,trained,57,1.2,0,1,1.4,0.6,descending,0.821583836,0.25
135,2,trained,58,1.1,1,0,1.4,0.6,descending,0.821583836,0.25
135,2,trained,59,1,0,0,1.4,0.6,descending,0.821583836,0.25
135,2,trained,60,0.9,0,0,1.4,0.6,descending,0.821583836,0.25
135,2,trained,61,0.8,0,0,1.4,0.6,descending,0.821583836,0.25
135,2,trained,62,0.7,0,0,1.4,0.6,descending,0.821583836,0.25
135,2,trained,63,0.6,0,0,1.4,0.6,descending,0.821583836,0.25
135,2,trained,64,0.6,0,0,0.6,1.4,ascending,0.866025404,0.277777778
135,2,trained,65,0.7,0,0,0.6,1.4,ascending,0.866025404,0.277777778
135,2,trained,66,0.8,0,0,0.6,1.4,ascending,0.866025404,0.277777778
135,2,trained,67,0.9,0,0,0.6,1.4,ascending,0.866025404,0.277777778
135,2,trained,68,1,0,0,0.6,1.4,ascending,0.866025404,0.277777778
135,2,trained,69,1.1,0,1,0.6,1.4,ascending,0.866025404,0.277777778
135,2,trained,70,1.2,0,1,0.6,1.4,ascending,0.866025404,0.277777778
135,2,trained,71,1.3,0,1,0.6,1.4,ascending,0.866025404,0.277777778
135,2,trained,72,1.4,0,1,0.6,1.4,ascending,0.866025404,0.277777778
136,1,trained,1,0.6,0,0,0.6,1.4,ascending,0.866025404,0.277777778
136,1,trained,2,0.7,0,0,0.6,1.4,ascending,0.866025404,0.277777778
136,1,trained,3,0.8,0,0,0.6,1.4,ascending,0.866025404,0.277777778
136,1,trained,4,0.9,0,0,0.6,1.4,ascending,0.866025404,0.277777778
136,1,trained,5,1,1,1,0.6,1.4,ascending,0.866025404,0.277777778
136,1,trained,6,1.1,0,1,0.6,1.4,ascending,0.866025404,0.277777778
136,1,trained,7,1.2,0,1,0.6,1.4,ascending,0.866025404,0.277777778
136,1,trained,8,1.3,0,1,0.6,1.4,ascending,0.866025404,0.277777778
136,1,trained,9,1.4,0,1,0.6,1.4,ascending,0.866025404,0.277777778
136,1,trained,10,1.4,0,1,1.4,0.6,descending,0.63900965,0.25
136,1,trained,11,1.3,0,1,1.4,0.6,descending,0.63900965,0.25
136,1,trained,12,1.2,0,1,1.4,0.6,descending,0.63900965,0.25
136,1,trained,13,1.1,0,1,1.4,0.6,descending,0.63900965,0.25
136,1,trained,14,1,1,1,1.4,0.6,descending,0.63900965,0.25
136,1,trained,15,0.9,0,0,1.4,0.6,descending,0.63900965,0.25
136,1,trained,16,0.8,0,0,1.4,0.6,descending,0.63900965,0.25
136,1,trained,17,0.7,1,1,1.4,0.6,descending,0.63900965,0.25
136,1,trained,18,0.6,0,0,1.4,0.6,descending,0.63900965,0.25
136,1,trained,19,0.6,0,0,0.6,1.4,ascending,0.866025404,0.277777778
136,1,trained,20,0.7,0,0,0.6,1.4,ascending,0.866025404,0.277777778
136,1,trained,21,0.8,0,0,0.6,1.4,ascending,0.866025404,0.277777778
136,1,trained,22,0.9,0,0,0.6,1.4,ascending,0.866025404,0.277777778
136,1,trained,23,1,0,0,0.6,1.4,ascending,0.866025404,0.277777778
136,1,trained,24,1.1,0,1,0.6,1.4,ascending,0.866025404,0.277777778
136,1,trained,25,1.2,0,1,0.6,1.4,ascending,0.866025404,0.277777778
136,1,trained,26,1.3,0,1,0.6,1.4,ascending,0.866025404,0.277777778
136,1,trained,27,1.4,0,1,0.6,1.4,ascending,0.866025404,0.277777778
136,1,trained,28,1.4,0,1,1.4,0.6,descending,0.821583836,0.25
136,1,trained,29,1.3,0,1,1.4,0.6,descending,0.821583836,0.25
136,1,trained,30,1.2,0,1,1.4,0.6,descending,0.821583836,0.25
136,1,trained,31,1.1,0,1,1.4,0.6,descending,0.821583836,0.25
136,1,trained,32,1,1,1,1.4,0.6,descending,0.821583836,0.25
136,1,trained,33,0.9,1,1,1.4,0.6,descending,0.821583836,0.25
136,1,trained,34,0.8,0,0,1.4,0.6,descending,0.821583836,0.25
136,1,trained,35,0.7,0,0,1.4,0.6,descending,0.821583836,0.25
136,1,trained,36,0.6,0,0,1.4,0.6,descending,0.821583836,0.25
136,1,trained,37,0.6,1,1,0.6,1.4,ascending,0.547722558,0.25
136,1,trained,38,0.7,0,0,0.6,1.4,ascending,0.547722558,0.25
136,1,trained,39,0.8,0,0,0.6,1.4,ascending,0.547722558,0.25
136,1,trained,40,0.9,0,0,0.6,1.4,ascending,0.547722558,0.25
136,1,trained,41,1,1,1,0.6,1.4,ascending,0.547722558,0.25
136,1,trained,42,1.1,0,1,0.6,1.4,ascending,0.547722558,0.25
136,1,trained,43,1.2,0,1,0.6,1.4,ascending,0.547722558,0.25
136,1,trained,44,1.3,0,1,0.6,1.4,ascending,0.547722558,0.25
136,1,trained,45,1.4,0,1,0.6,1.4,ascending,0.547722558,0.25
136,1,trained,46,1.4,0,1,1.4,0.6,descending,0.821583836,0.25
136,1,trained,47,1.3,0,1,1.4,0.6,descending,0.821583836,0.25
136,1,trained,48,1.2,0,1,1.4,0.6,descending,0.821583836,0.25
136,1,trained,49,1.1,0,1,1.4,0.6,descending,0.821583836,0.25
136,1,trained,50,1,1,1,1.4,0.6,descending,0.821583836,0.25
136,1,trained,51,0.9,1,1,1.4,0.6,descending,0.821583836,0.25
136,1,trained,52,0.8,0,0,1.4,0.6,descending,0.821583836,0.25
136,1,trained,53,0.7,0,0,1.4,0.6,descending,0.821583836,0.25
136,1,trained,54,0.6,0,0,1.4,0.6,descending,0.821583836,0.25
136,1,trained,55,0.6,0,0,0.6,1.4,ascending,0.724568837,0.194444444
136,1,trained,56,0.7,0,0,0.6,1.4,ascending,0.724568837,0.194444444
136,1,trained,57,0.8,1,1,0.6,1.4,ascending,0.724568837,0.194444444
136,1,trained,58,0.9,1,1,0.6,1.4,ascending,0.724568837,0.194444444
136,1,trained,59,1,1,1,0.6,1.4,ascending,0.724568837,0.194444444
136,1,trained,60,1.1,0,1,0.6,1.4,ascending,0.724568837,0.194444444
136,1,trained,61,1.2,0,1,0.6,1.4,ascending,0.724568837,0.194444444
136,1,trained,62,1.3,0,1,0.6,1.4,ascending,0.724568837,0.194444444
136,1,trained,63,1.4,0,1,0.6,1.4,ascending,0.724568837,0.194444444
136,1,trained,64,1.4,0,1,1.4,0.6,descending,0.724568837,0.194444444
136,1,trained,65,1.3,0,1,1.4,0.6,descending,0.724568837,0.194444444
136,1,trained,66,1.2,0,1,1.4,0.6,descending,0.724568837,0.194444444
136,1,trained,67,1.1,0,1,1.4,0.6,descending,0.724568837,0.194444444
136,1,trained,68,1,1,1,1.4,0.6,descending,0.724568837,0.194444444
136,1,trained,69,0.9,1,1,1.4,0.6,descending,0.724568837,0.194444444
136,1,trained,70,0.8,1,1,1.4,0.6,descending,0.724568837,0.194444444
136,1,trained,71,0.7,0,0,1.4,0.6,descending,0.724568837,0.194444444
136,1,trained,72,0.6,0,0,1.4,0.6,descending,0.724568837,0.194444444
136,2,untrained,19,1.4,0,1,1.4,0.6,descending,0.779422863,0.277777778
136,2,untrained,20,1.3,0,1,1.4,0.6,descending,0.779422863,0.277777778
136,2,untrained,21,1.2,0,1,1.4,0.6,descending,0.779422863,0.277777778
136,2,untrained,22,1.1,0,1,1.4,0.6,descending,0.779422863,0.277777778
136,2,untrained,23,1,0,0,1.4,0.6,descending,0.779422863,0.277777778
136,2,untrained,24,0.9,1,1,1.4,0.6,descending,0.779422863,0.277777778
136,2,untrained,25,0.8,0,0,1.4,0.6,descending,0.779422863,0.277777778
136,2,untrained,26,0.7,0,0,1.4,0.6,descending,0.779422863,0.277777778
136,2,untrained,27,0.6,0,0,1.4,0.6,descending,0.779422863,0.277777778
136,2,untrained,28,0.6,1,1,0.6,1.4,ascending,0.519615242,0.277777778
136,2,untrained,29,0.7,0,0,0.6,1.4,ascending,0.519615242,0.277777778
136,2,untrained,30,0.8,0,0,0.6,1.4,ascending,0.519615242,0.277777778
136,2,untrained,31,0.9,0,0,0.6,1.4,ascending,0.519615242,0.277777778
136,2,untrained,32,1,0,0,0.6,1.4,ascending,0.519615242,0.277777778
136,2,untrained,33,1.1,0,1,0.6,1.4,ascending,0.519615242,0.277777778
136,2,untrained,34,1.2,0,1,0.6,1.4,ascending,0.519615242,0.277777778
136,2,untrained,35,1.3,0,1,0.6,1.4,ascending,0.519615242,0.277777778
136,2,untrained,36,1.4,0,1,0.6,1.4,ascending,0.519615242,0.277777778
136,2,untrained,37,1.4,0,1,1.4,0.6,descending,0.866025404,0.277777778
136,2,untrained,38,1.3,0,1,1.4,0.6,descending,0.866025404,0.277777778
136,2,untrained,39,1.2,0,1,1.4,0.6,descending,0.866025404,0.277777778
136,2,untrained,40,1.1,0,1,1.4,0.6,descending,0.866025404,0.277777778
136,2,untrained,41,1,1,1,1.4,0.6,descending,0.866025404,0.277777778
136,2,untrained,42,0.9,0,0,1.4,0.6,descending,0.866025404,0.277777778
136,2,untrained,43,0.8,0,0,1.4,0.6,descending,0.866025404,0.277777778
136,2,untrained,44,0.7,0,0,1.4,0.6,descending,0.866025404,0.277777778
136,2,untrained,45,0.6,0,0,1.4,0.6,descending,0.866025404,0.277777778
136,2,untrained,46,0.6,0,0,0.6,1.4,ascending,0.51754917,0.194444444
136,2,untrained,47,0.7,1,1,0.6,1.4,ascending,0.51754917,0.194444444
136,2,untrained,48,0.8,1,1,0.6,1.4,ascending,0.51754917,0.194444444
136,2,untrained,49,0.9,0,0,0.6,1.4,ascending,0.51754917,0.194444444
136,2,untrained,50,1,1,1,0.6,1.4,ascending,0.51754917,0.194444444
136,2,untrained,51,1.1,0,1,0.6,1.4,ascending,0.51754917,0.194444444
136,2,untrained,52,1.2,0,1,0.6,1.4,ascending,0.51754917,0.194444444
136,2,untrained,53,1.3,0,1,0.6,1.4,ascending,0.51754917,0.194444444
136,2,untrained,54,1.4,0,1,0.6,1.4,ascending,0.51754917,0.194444444
136,2,untrained,55,1.4,0,1,1.4,0.6,descending,0.866025404,0.277777778
136,2,untrained,56,1.3,0,1,1.4,0.6,descending,0.866025404,0.277777778
136,2,untrained,57,1.2,0,1,1.4,0.6,descending,0.866025404,0.277777778
136,2,untrained,58,1.1,0,1,1.4,0.6,descending,0.866025404,0.277777778
136,2,untrained,59,1,1,1,1.4,0.6,descending,0.866025404,0.277777778
136,2,untrained,60,0.9,0,0,1.4,0.6,descending,0.866025404,0.277777778
136,2,untrained,61,0.8,0,0,1.4,0.6,descending,0.866025404,0.277777778
136,2,untrained,62,0.7,0,0,1.4,0.6,descending,0.866025404,0.277777778
136,2,untrained,63,0.6,0,0,1.4,0.6,descending,0.866025404,0.277777778
136,2,untrained,64,0.6,0,0,0.6,1.4,ascending,0.821583836,0.25
136,2,untrained,65,0.7,0,0,0.6,1.4,ascending,0.821583836,0.25
136,2,untrained,66,0.8,0,0,0.6,1.4,ascending,0.821583836,0.25
136,2,untrained,67,0.9,1,1,0.6,1.4,ascending,0.821583836,0.25
136,2,untrained,68,1,1,1,0.6,1.4,ascending,0.821583836,0.25
136,2,untrained,69,1.1,0,1,0.6,1.4,ascending,0.821583836,0.25
136,2,untrained,70,1.2,0,1,0.6,1.4,ascending,0.821583836,0.25
136,2,untrained,71,1.3,0,1,0.6,1.4,ascending,0.821583836,0.25
136,2,untrained,72,1.4,0,1,0.6,1.4,ascending,0.821583836,0.25
137,1,untrained,10,1.4,0,1,1.4,0.6,descending,0.519615242,0.277777778
137,1,untrained,11,1.3,0,1,1.4,0.6,descending,0.519615242,0.277777778
137,1,untrained,12,1.2,0,1,1.4,0.6,descending,0.519615242,0.277777778
137,1,untrained,13,1.1,1,0,1.4,0.6,descending,0.519615242,0.277777778
137,1,untrained,14,1,0,0,1.4,0.6,descending,0.519615242,0.277777778
137,1,untrained,15,0.9,0,0,1.4,0.6,descending,0.519615242,0.277777778
137,1,untrained,16,0.8,0,0,1.4,0.6,descending,0.519615242,0.277777778
137,1,untrained,17,0.7,1,1,1.4,0.6,descending,0.519615242,0.277777778
137,1,untrained,18,0.6,0,0,1.4,0.6,descending,0.519615242,0.277777778
137,1,untrained,46,1.4,0,1,1.4,0.6,descending,0.866025404,0.277777778
137,1,untrained,47,1.3,0,1,1.4,0.6,descending,0.866025404,0.277777778
137,1,untrained,48,1.2,0,1,1.4,0.6,descending,0.866025404,0.277777778
137,1,untrained,49,1.1,0,1,1.4,0.6,descending,0.866025404,0.277777778
137,1,untrained,50,1,0,0,1.4,0.6,descending,0.866025404,0.277777778
137,1,untrained,51,0.9,0,0,1.4,0.6,descending,0.866025404,0.277777778
137,1,untrained,52,0.8,0,0,1.4,0.6,descending,0.866025404,0.277777778
137,1,untrained,53,0.7,0,0,1.4,0.6,descending,0.866025404,0.277777778
137,1,untrained,54,0.6,0,0,1.4,0.6,descending,0.866025404,0.277777778
137,1,untrained,55,0.6,0,0,0.6,1.4,ascending,0.866025404,0.277777778
137,1,untrained,56,0.7,0,0,0.6,1.4,ascending,0.866025404,0.277777778
137,1,untrained,57,0.8,0,0,0.6,1.4,ascending,0.866025404,0.277777778
137,1,untrained,58,0.9,0,0,0.6,1.4,ascending,0.866025404,0.277777778
137,1,untrained,59,1,0,0,0.6,1.4,ascending,0.866025404,0.277777778
137,1,untrained,60,1.1,0,1,0.6,1.4,ascending,0.866025404,0.277777778
137,1,untrained,61,1.2,0,1,0.6,1.4,ascending,0.866025404,0.277777778
137,1,untrained,62,1.3,0,1,0.6,1.4,ascending,0.866025404,0.277777778
137,1,untrained,63,1.4,0,1,0.6,1.4,ascending,0.866025404,0.277777778
137,1,untrained,64,1.4,0,1,1.4,0.6,descending,0.547722558,0.25
137,1,untrained,65,1.3,0,1,1.4,0.6,descending,0.547722558,0.25
137,1,untrained,66,1.2,1,0,1.4,0.6,descending,0.547722558,0.25
137,1,untrained,67,1.1,1,0,1.4,0.6,descending,0.547722558,0.25
137,1,untrained,68,1,0,0,1.4,0.6,descending,0.547722558,0.25
137,1,untrained,69,0.9,1,1,1.4,0.6,descending,0.547722558,0.25
137,1,untrained,70,0.8,0,0,1.4,0.6,descending,0.547722558,0.25
137,1,untrained,71,0.7,0,0,1.4,0.6,descending,0.547722558,0.25
137,1,untrained,72,0.6,0,0,1.4,0.6,descending,0.547722558,0.25
137,2,trained,1,1.4,0,1,1.4,0.6,descending,0.779422863,0.277777778
137,2,trained,2,1.3,0,1,1.4,0.6,descending,0.779422863,0.277777778
137,2,trained,3,1.2,0,1,1.4,0.6,descending,0.779422863,0.277777778
137,2,trained,4,1.1,1,0,1.4,0.6,descending,0.779422863,0.277777778
137,2,trained,5,1,1,1,1.4,0.6,descending,0.779422863,0.277777778
137,2,trained,6,0.9,0,0,1.4,0.6,descending,0.779422863,0.277777778
137,2,trained,7,0.8,0,0,1.4,0.6,descending,0.779422863,0.277777778
137,2,trained,8,0.7,0,0,1.4,0.6,descending,0.779422863,0.277777778
137,2,trained,9,0.6,0,0,1.4,0.6,descending,0.779422863,0.277777778
137,2,trained,10,0.6,0,0,0.6,1.4,ascending,0.821583836,0.25
137,2,trained,11,0.7,0,0,0.6,1.4,ascending,0.821583836,0.25
137,2,trained,12,0.8,0,0,0.6,1.4,ascending,0.821583836,0.25
137,2,trained,13,0.9,0,0,0.6,1.4,ascending,0.821583836,0.25
137,2,trained,14,1,0,0,0.6,1.4,ascending,0.821583836,0.25
137,2,trained,15,1.1,1,0,0.6,1.4,ascending,0.821583836,0.25
137,2,trained,16,1.2,0,1,0.6,1.4,ascending,0.821583836,0.25
137,2,trained,17,1.3,0,1,0.6,1.4,ascending,0.821583836,0.25
137,2,trained,18,1.4,0,1,0.6,1.4,ascending,0.821583836,0.25
137,2,trained,19,1.4,0,1,1.4,0.6,descending,0.821583836,0.25
137,2,trained,20,1.3,0,1,1.4,0.6,descending,0.821583836,0.25
137,2,trained,21,1.2,0,1,1.4,0.6,descending,0.821583836,0.25
137,2,trained,22,1.1,1,0,1.4,0.6,descending,0.821583836,0.25
137,2,trained,23,1,0,0,1.4,0.6,descending,0.821583836,0.25
137,2,trained,24,0.9,0,0,1.4,0.6,descending,0.821583836,0.25
137,2,trained,25,0.8,0,0,1.4,0.6,descending,0.821583836,0.25
137,2,trained,26,0.7,0,0,1.4,0.6,descending,0.821583836,0.25
137,2,trained,27,0.6,0,0,1.4,0.6,descending,0.821583836,0.25
137,2,trained,37,1.4,0,1,1.4,0.6,descending,0.821583836,0.25
137,2,trained,38,1.3,0,1,1.4,0.6,descending,0.821583836,0.25
137,2,trained,39,1.2,0,1,1.4,0.6,descending,0.821583836,0.25
137,2,trained,40,1.1,1,0,1.4,0.6,descending,0.821583836,0.25
137,2,trained,41,1,0,0,1.4,0.6,descending,0.821583836,0.25
137,2,trained,42,0.9,0,0,1.4,0.6,descending,0.821583836,0.25
137,2,trained,43,0.8,0,0,1.4,0.6,descending,0.821583836,0.25
137,2,trained,44,0.7,0,0,1.4,0.6,descending,0.821583836,0.25
137,2,trained,45,0.6,0,0,1.4,0.6,descending,0.821583836,0.25
137,2,trained,46,0.6,0,0,0.6,1.4,ascending,0.724568837,0.194444444
137,2,trained,47,0.7,0,0,0.6,1.4,ascending,0.724568837,0.194444444
137,2,trained,48,0.8,0,0,0.6,1.4,ascending,0.724568837,0.194444444
137,2,trained,49,0.9,0,0,0.6,1.4,ascending,0.724568837,0.194444444
137,2,trained,50,1,0,0,0.6,1.4,ascending,0.724568837,0.194444444
137,2,trained,51,1.1,1,0,0.6,1.4,ascending,0.724568837,0.194444444
137,2,trained,52,1.2,1,0,0.6,1.4,ascending,0.724568837,0.194444444
137,2,trained,53,1.3,0,1,0.6,1.4,ascending,0.724568837,0.194444444
137,2,trained,54,1.4,0,1,0.6,1.4,ascending,0.724568837,0.194444444
137,2,trained,55,1.4,0,1,1.4,0.6,descending,0.779422863,0.277777778
137,2,trained,56,1.3,0,1,1.4,0.6,descending,0.779422863,0.277777778
137,2,trained,57,1.2,0,1,1.4,0.6,descending,0.779422863,0.277777778
137,2,trained,58,1.1,1,0,1.4,0.6,descending,0.779422863,0.277777778
137,2,trained,59,1,1,1,1.4,0.6,descending,0.779422863,0.277777778
137,2,trained,60,0.9,0,0,1.4,0.6,descending,0.779422863,0.277777778
137,2,trained,61,0.8,0,0,1.4,0.6,descending,0.779422863,0.277777778
137,2,trained,62,0.7,0,0,1.4,0.6,descending,0.779422863,0.277777778
137,2,trained,63,0.6,0,0,1.4,0.6,descending,0.779422863,0.277777778
137,2,trained,64,0.6,0,0,0.6,1.4,ascending,0.821583836,0.25
137,2,trained,65,0.7,0,0,0.6,1.4,ascending,0.821583836,0.25
137,2,trained,66,0.8,0,0,0.6,1.4,ascending,0.821583836,0.25
137,2,trained,67,0.9,0,0,0.6,1.4,ascending,0.821583836,0.25
137,2,trained,68,1,0,0,0.6,1.4,ascending,0.821583836,0.25
137,2,trained,69,1.1,1,0,0.6,1.4,ascending,0.821583836,0.25
137,2,trained,70,1.2,0,1,0.6,1.4,ascending,0.821583836,0.25
137,2,trained,71,1.3,0,1,0.6,1.4,ascending,0.821583836,0.25
137,2,trained,72,1.4,0,1,0.6,1.4,ascending,0.821583836,0.25
138,1,trained,10,1.4,0,1,1.4,0.6,descending,0.456435465,0.25
138,1,trained,11,1.3,0,1,1.4,0.6,descending,0.456435465,0.25
138,1,trained,12,1.2,0,1,1.4,0.6,descending,0.456435465,0.25
138,1,trained,13,1.1,0,1,1.4,0.6,descending,0.456435465,0.25
138,1,trained,14,1,0,0,1.4,0.6,descending,0.456435465,0.25
138,1,trained,15,0.9,1,1,1.4,0.6,descending,0.456435465,0.25
138,1,trained,16,0.8,0,0,1.4,0.6,descending,0.456435465,0.25
138,1,trained,17,0.7,0,0,1.4,0.6,descending,0.456435465,0.25
138,1,trained,18,0.6,1,1,1.4,0.6,descending,0.456435465,0.25
138,1,trained,19,0.6,1,1,0.6,1.4,ascending,0.51754917,0.194444444
138,1,trained,20,0.7,0,0,0.6,1.4,ascending,0.51754917,0.194444444
138,1,trained,21,0.8,0,0,0.6,1.4,ascending,0.51754917,0.194444444
138,1,trained,22,0.9,1,1,0.6,1.4,ascending,0.51754917,0.194444444
138,1,trained,23,1,1,1,0.6,1.4,ascending,0.51754917,0.194444444
138,1,trained,24,1.1,0,1,0.6,1.4,ascending,0.51754917,0.194444444
138,1,trained,25,1.2,0,1,0.6,1.4,ascending,0.51754917,0.194444444
138,1,trained,26,1.3,0,1,0.6,1.4,ascending,0.51754917,0.194444444
138,1,trained,27,1.4,0,1,0.6,1.4,ascending,0.51754917,0.194444444
138,1,trained,28,1.4,0,1,1.4,0.6,descending,0.621059003,0.194444444
138,1,trained,29,1.3,0,1,1.4,0.6,descending,0.621059003,0.194444444
138,1,trained,30,1.2,0,1,1.4,0.6,descending,0.621059003,0.194444444
138,1,trained,31,1.1,0,1,1.4,0.6,descending,0.621059003,0.194444444
138,1,trained,32,1,1,1,1.4,0.6,descending,0.621059003,0.194444444
138,1,trained,33,0.9,1,1,1.4,0.6,descending,0.621059003,0.194444444
138,1,trained,34,0.8,0,0,1.4,0.6,descending,0.621059003,0.194444444
138,1,trained,35,0.7,1,1,1.4,0.6,descending,0.621059003,0.194444444
138,1,trained,36,0.6,0,0,1.4,0.6,descending,0.621059003,0.194444444
138,1,trained,37,0.6,0,0,0.6,1.4,ascending,0.821583836,0.25
138,1,trained,38,0.7,0,0,0.6,1.4,ascending,0.821583836,0.25
138,1,trained,39,0.8,0,0,0.6,1.4,ascending,0.821583836,0.25
138,1,trained,40,0.9,1,1,0.6,1.4,ascending,0.821583836,0.25
138,1,trained,41,1,1,1,0.6,1.4,ascending,0.821583836,0.25
138,1,trained,42,1.1,0,1,0.6,1.4,ascending,0.821583836,0.25
138,1,trained,43,1.2,0,1,0.6,1.4,ascending,0.821583836,0.25
138,1,trained,44,1.3,0,1,0.6,1.4,ascending,0.821583836,0.25
138,1,trained,45,1.4,0,1,0.6,1.4,ascending,0.821583836,0.25
138,1,trained,46,1.4,0,1,1.4,0.6,descending,0.779422863,0.277777778
138,1,trained,47,1.3,0,1,1.4,0.6,descending,0.779422863,0.277777778
138,1,trained,48,1.2,0,1,1.4,0.6,descending,0.779422863,0.277777778
138,1,trained,49,1.1,1,0,1.4,0.6,descending,0.779422863,0.277777778
138,1,trained,50,1,1,1,1.4,0.6,descending,0.779422863,0.277777778
138,1,trained,51,0.9,0,0,1.4,0.6,descending,0.779422863,0.277777778
138,1,trained,52,0.8,0,0,1.4,0.6,descending,0.779422863,0.277777778
138,1,trained,53,0.7,0,0,1.4,0.6,descending,0.779422863,0.277777778
138,1,trained,54,0.6,0,0,1.4,0.6,descending,0.779422863,0.277777778
138,1,trained,55,0.6,1,1,0.6,1.4,ascending,0.51754917,0.194444444
138,1,trained,56,0.7,0,0,0.6,1.4,ascending,0.51754917,0.194444444
138,1,trained,57,0.8,0,0,0.6,1.4,ascending,0.51754917,0.194444444
138,1,trained,58,0.9,1,1,0.6,1.4,ascending,0.51754917,0.194444444
138,1,trained,59,1,1,1,0.6,1.4,ascending,0.51754917,0.194444444
138,1,trained,60,1.1,0,1,0.6,1.4,ascending,0.51754917,0.194444444
138,1,trained,61,1.2,0,1,0.6,1.4,ascending,0.51754917,0.194444444
138,1,trained,62,1.3,0,1,0.6,1.4,ascending,0.51754917,0.194444444
138,1,trained,63,1.4,0,1,0.6,1.4,ascending,0.51754917,0.194444444
138,1,trained,64,1.4,0,1,1.4,0.6,descending,0.547722558,0.25
138,1,trained,65,1.3,0,1,1.4,0.6,descending,0.547722558,0.25
138,1,trained,66,1.2,0,1,1.4,0.6,descending,0.547722558,0.25
138,1,trained,67,1.1,0,1,1.4,0.6,descending,0.547722558,0.25
138,1,trained,68,1,1,1,1.4,0.6,descending,0.547722558,0.25
138,1,trained,69,0.9,0,0,1.4,0.6,descending,0.547722558,0.25
138,1,trained,70,0.8,0,0,1.4,0.6,descending,0.547722558,0.25
138,1,trained,71,0.7,0,0,1.4,0.6,descending,0.547722558,0.25
138,1,trained,72,0.6,1,1,1.4,0.6,descending,0.547722558,0.25
138,2,untrained,19,1.4,0,1,1.4,0.6,descending,0.730296743,0.25
138,2,untrained,20,1.3,0,1,1.4,0.6,descending,0.730296743,0.25
138,2,untrained,21,1.2,0,1,1.4,0.6,descending,0.730296743,0.25
138,2,untrained,22,1.1,0,1,1.4,0.6,descending,0.730296743,0.25
138,2,untrained,23,1,1,1,1.4,0.6,descending,0.730296743,0.25
138,2,untrained,24,0.9,0,0,1.4,0.6,descending,0.730296743,0.25
138,2,untrained,25,0.8,1,1,1.4,0.6,descending,0.730296743,0.25
138,2,untrained,26,0.7,0,0,1.4,0.6,descending,0.730296743,0.25
138,2,untrained,27,0.6,0,0,1.4,0.6,descending,0.730296743,0.25
138,2,untrained,28,0.6,0,0,0.6,1.4,ascending,0.866025404,0.277777778
138,2,untrained,29,0.7,0,0,0.6,1.4,ascending,0.866025404,0.277777778
138,2,untrained,30,0.8,0,0,0.6,1.4,ascending,0.866025404,0.277777778
138,2,untrained,31,0.9,0,0,0.6,1.4,ascending,0.866025404,0.277777778
138,2,untrained,32,1,0,0,0.6,1.4,ascending,0.866025404,0.277777778
138,2,untrained,33,1.1,0,1,0.6,1.4,ascending,0.866025404,0.277777778
138,2,untrained,34,1.2,0,1,0.6,1.4,ascending,0.866025404,0.277777778
138,2,untrained,35,1.3,0,1,0.6,1.4,ascending,0.866025404,0.277777778
138,2,untrained,36,1.4,0,1,0.6,1.4,ascending,0.866025404,0.277777778
138,2,untrained,37,1.4,0,1,1.4,0.6,descending,0.779422863,0.277777778
138,2,untrained,38,1.3,0,1,1.4,0.6,descending,0.779422863,0.277777778
138,2,untrained,39,1.2,0,1,1.4,0.6,descending,0.779422863,0.277777778
138,2,untrained,40,1.1,0,1,1.4,0.6,descending,0.779422863,0.277777778
138,2,untrained,41,1,0,0,1.4,0.6,descending,0.779422863,0.277777778
138,2,untrained,42,0.9,1,1,1.4,0.6,descending,0.779422863,0.277777778
138,2,untrained,43,0.8,0,0,1.4,0.6,descending,0.779422863,0.277777778
138,2,untrained,44,0.7,0,0,1.4,0.6,descending,0.779422863,0.277777778
138,2,untrained,45,0.6,0,0,1.4,0.6,descending,0.779422863,0.277777778
138,2,untrained,46,0.6,0,0,0.6,1.4,ascending,0.730296743,0.25
138,2,untrained,47,0.7,0,0,0.6,1.4,ascending,0.730296743,0.25
138,2,untrained,48,0.8,1,1,0.6,1.4,ascending,0.730296743,0.25
138,2,untrained,49,0.9,0,0,0.6,1.4,ascending,0.730296743,0.25
138,2,untrained,50,1,1,1,0.6,1.4,ascending,0.730296743,0.25
138,2,untrained,51,1.1,0,1,0.6,1.4,ascending,0.730296743,0.25
138,2,untrained,52,1.2,0,1,0.6,1.4,ascending,0.730296743,0.25
138,2,untrained,53,1.3,0,1,0.6,1.4,ascending,0.730296743,0.25
138,2,untrained,54,1.4,0,1,0.6,1.4,ascending,0.730296743,0.25
138,2,untrained,64,0.6,0,0,0.6,1.4,ascending,0.821583836,0.25
138,2,untrained,65,0.7,0,0,0.6,1.4,ascending,0.821583836,0.25
138,2,untrained,66,0.8,0,0,0.6,1.4,ascending,0.821583836,0.25
138,2,untrained,67,0.9,1,1,0.6,1.4,ascending,0.821583836,0.25
138,2,untrained,68,1,1,1,0.6,1.4,ascending,0.821583836,0.25
138,2,untrained,69,1.1,0,1,0.6,1.4,ascending,0.821583836,0.25
138,2,untrained,70,1.2,0,1,0.6,1.4,ascending,0.821583836,0.25
138,2,untrained,71,1.3,0,1,0.6,1.4,ascending,0.821583836,0.25
138,2,untrained,72,1.4,0,1,0.6,1.4,ascending,0.821583836,0.25
139,1,untrained,1,0.6,0,0,0.6,1.4,ascending,0.730296743,0.25
139,1,untrained,2,0.7,0,0,0.6,1.4,ascending,0.730296743,0.25
139,1,untrained,3,0.8,1,1,0.6,1.4,ascending,0.730296743,0.25
139,1,untrained,4,0.9,0,0,0.6,1.4,ascending,0.730296743,0.25
139,1,untrained,5,1,1,1,0.6,1.4,ascending,0.730296743,0.25
139,1,untrained,6,1.1,0,1,0.6,1.4,ascending,0.730296743,0.25
139,1,untrained,7,1.2,0,1,0.6,1.4,ascending,0.730296743,0.25
139,1,untrained,8,1.3,0,1,0.6,1.4,ascending,0.730296743,0.25
139,1,untrained,9,1.4,0,1,0.6,1.4,ascending,0.730296743,0.25
139,1,untrained,10,1.4,0,1,1.4,0.6,descending,0.547722558,0.111111111
139,1,untrained,11,1.3,0,1,1.4,0.6,descending,0.547722558,0.111111111
139,1,untrained,12,1.2,0,1,1.4,0.6,descending,0.547722558,0.111111111
139,1,untrained,13,1.1,0,1,1.4,0.6,descending,0.547722558,0.111111111
139,1,untrained,14,1,1,1,1.4,0.6,descending,0.547722558,0.111111111
139,1,untrained,15,0.9,1,1,1.4,0.6,descending,0.547722558,0.111111111
139,1,untrained,16,0.8,1,1,1.4,0.6,descending,0.547722558,0.111111111
139,1,untrained,17,0.7,1,1,1.4,0.6,descending,0.547722558,0.111111111
139,1,untrained,18,0.6,0,0,1.4,0.6,descending,0.547722558,0.111111111
139,1,untrained,19,0.6,0,0,0.6,1.4,ascending,0.621059003,0.194444444
139,1,untrained,20,0.7,1,1,0.6,1.4,ascending,0.621059003,0.194444444
139,1,untrained,21,0.8,0,0,0.6,1.4,ascending,0.621059003,0.194444444
139,1,untrained,22,0.9,1,1,0.6,1.4,ascending,0.621059003,0.194444444
139,1,untrained,23,1,1,1,0.6,1.4,ascending,0.621059003,0.194444444
139,1,untrained,24,1.1,0,1,0.6,1.4,ascending,0.621059003,0.194444444
139,1,untrained,25,1.2,0,1,0.6,1.4,ascending,0.621059003,0.194444444
139,1,untrained,26,1.3,0,1,0.6,1.4,ascending,0.621059003,0.194444444
139,1,untrained,27,1.4,0,1,0.6,1.4,ascending,0.621059003,0.194444444
139,1,untrained,28,1.4,0,1,1.4,0.6,descending,0.621059003,0.194444444
139,1,untrained,29,1.3,0,1,1.4,0.6,descending,0.621059003,0.194444444
139,1,untrained,30,1.2,0,1,1.4,0.6,descending,0.621059003,0.194444444
139,1,untrained,31,1.1,0,1,1.4,0.6,descending,0.621059003,0.194444444
139,1,untrained,32,1,1,1,1.4,0.6,descending,0.621059003,0.194444444
139,1,untrained,33,0.9,1,1,1.4,0.6,descending,0.621059003,0.194444444
139,1,untrained,34,0.8,0,0,1.4,0.6,descending,0.621059003,0.194444444
139,1,untrained,35,0.7,1,1,1.4,0.6,descending,0.621059003,0.194444444
139,1,untrained,36,0.6,0,0,1.4,0.6,descending,0.621059003,0.194444444
139,1,untrained,46,1.4,0,1,1.4,0.6,descending,0.63900965,0.25
139,1,untrained,47,1.3,0,1,1.4,0.6,descending,0.63900965,0.25
139,1,untrained,48,1.2,0,1,1.4,0.6,descending,0.63900965,0.25
139,1,untrained,49,1.1,0,1,1.4,0.6,descending,0.63900965,0.25
139,1,untrained,50,1,0,0,1.4,0.6,descending,0.63900965,0.25
139,1,untrained,51,0.9,1,1,1.4,0.6,descending,0.63900965,0.25
139,1,untrained,52,0.8,1,1,1.4,0.6,descending,0.63900965,0.25
139,1,untrained,53,0.7,0,0,1.4,0.6,descending,0.63900965,0.25
139,1,untrained,54,0.6,0,0,1.4,0.6,descending,0.63900965,0.25
139,1,untrained,55,0.6,0,0,0.6,1.4,ascending,0.724568837,0.194444444
139,1,untrained,56,0.7,0,0,0.6,1.4,ascending,0.724568837,0.194444444
139,1,untrained,57,0.8,1,1,0.6,1.4,ascending,0.724568837,0.194444444
139,1,untrained,58,0.9,1,1,0.6,1.4,ascending,0.724568837,0.194444444
139,1,untrained,59,1,1,1,0.6,1.4,ascending,0.724568837,0.194444444
139,1,untrained,60,1.1,0,1,0.6,1.4,ascending,0.724568837,0.194444444
139,1,untrained,61,1.2,0,1,0.6,1.4,ascending,0.724568837,0.194444444
139,1,untrained,62,1.3,0,1,0.6,1.4,ascending,0.724568837,0.194444444
139,1,untrained,63,1.4,0,1,0.6,1.4,ascending,0.724568837,0.194444444
139,2,trained,1,1.4,0,1,1.4,0.6,descending,0.547722558,0.111111111
139,2,trained,2,1.3,0,1,1.4,0.6,descending,0.547722558,0.111111111
139,2,trained,3,1.2,0,1,1.4,0.6,descending,0.547722558,0.111111111
139,2,trained,4,1.1,0,1,1.4,0.6,descending,0.547722558,0.111111111
139,2,trained,5,1,1,1,1.4,0.6,descending,0.547722558,0.111111111
139,2,trained,6,0.9,1,1,1.4,0.6,descending,0.547722558,0.111111111
139,2,trained,7,0.8,1,1,1.4,0.6,descending,0.547722558,0.111111111
139,2,trained,8,0.7,1,1,1.4,0.6,descending,0.547722558,0.111111111
139,2,trained,9,0.6,0,0,1.4,0.6,descending,0.547722558,0.111111111
139,2,trained,10,0.6,0,0,0.6,1.4,ascending,0.866025404,0.277777778
139,2,trained,11,0.7,0,0,0.6,1.4,ascending,0.866025404,0.277777778
139,2,trained,12,0.8,0,0,0.6,1.4,ascending,0.866025404,0.277777778
139,2,trained,13,0.9,0,0,0.6,1.4,ascending,0.866025404,0.277777778
139,2,trained,14,1,1,1,0.6,1.4,ascending,0.866025404,0.277777778
139,2,trained,15,1.1,0,1,0.6,1.4,ascending,0.866025404,0.277777778
139,2,trained,16,1.2,0,1,0.6,1.4,ascending,0.866025404,0.277777778
139,2,trained,17,1.3,0,1,0.6,1.4,ascending,0.866025404,0.277777778
139,2,trained,18,1.4,0,1,0.6,1.4,ascending,0.866025404,0.277777778
139,2,trained,19,1.4,0,1,1.4,0.6,descending,0.821583836,0.25
139,2,trained,20,1.3,0,1,1.4,0.6,descending,0.821583836,0.25
139,2,trained,21,1.2,0,1,1.4,0.6,descending,0.821583836,0.25
139,2,trained,22,1.1,0,1,1.4,0.6,descending,0.821583836,0.25
139,2,trained,23,1,1,1,1.4,0.6,descending,0.821583836,0.25
139,2,trained,24,0.9,1,1,1.4,0.6,descending,0.821583836,0.25
139,2,trained,25,0.8,0,0,1.4,0.6,descending,0.821583836,0.25
139,2,trained,26,0.7,0,0,1.4,0.6,descending,0.821583836,0.25
139,2,trained,27,0.6,0,0,1.4,0.6,descending,0.821583836,0.25
139,2,trained,46,0.6,0,0,0.6,1.4,ascending,0.724568837,0.194444444
139,2,trained,47,0.7,0,0,0.6,1.4,ascending,0.724568837,0.194444444
139,2,trained,48,0.8,1,1,0.6,1.4,ascending,0.724568837,0.194444444
139,2,trained,49,0.9,1,1,0.6,1.4,ascending,0.724568837,0.194444444
139,2,trained,50,1,1,1,0.6,1.4,ascending,0.724568837,0.194444444
139,2,trained,51,1.1,0,1,0.6,1.4,ascending,0.724568837,0.194444444
139,2,trained,52,1.2,0,1,0.6,1.4,ascending,0.724568837,0.194444444
139,2,trained,53,1.3,0,1,0.6,1.4,ascending,0.724568837,0.194444444
139,2,trained,54,1.4,0,1,0.6,1.4,ascending,0.724568837,0.194444444
140,1,trained,1,0.6,0,0,0.6,1.4,ascending,0.779422863,0.277777778
140,1,trained,2,0.7,0,0,0.6,1.4,ascending,0.779422863,0.277777778
140,1,trained,3,0.8,0,0,0.6,1.4,ascending,0.779422863,0.277777778
140,1,trained,4,0.9,0,0,0.6,1.4,ascending,0.779422863,0.277777778
140,1,trained,5,1,1,1,0.6,1.4,ascending,0.779422863,0.277777778
140,1,trained,6,1.1,1,0,0.6,1.4,ascending,0.779422863,0.277777778
140,1,trained,7,1.2,0,1,0.6,1.4,ascending,0.779422863,0.277777778
140,1,trained,8,1.3,0,1,0.6,1.4,ascending,0.779422863,0.277777778
140,1,trained,9,1.4,0,1,0.6,1.4,ascending,0.779422863,0.277777778
140,1,trained,10,1.4,0,1,1.4,0.6,descending,0.866025404,0.277777778
140,1,trained,11,1.3,0,1,1.4,0.6,descending,0.866025404,0.277777778
140,1,trained,12,1.2,0,1,1.4,0.6,descending,0.866025404,0.277777778
140,1,trained,13,1.1,0,1,1.4,0.6,descending,0.866025404,0.277777778
140,1,trained,14,1,1,1,1.4,0.6,descending,0.866025404,0.277777778
140,1,trained,15,0.9,0,0,1.4,0.6,descending,0.866025404,0.277777778
140,1,trained,16,0.8,0,0,1.4,0.6,descending,0.866025404,0.277777778
140,1,trained,17,0.7,0,0,1.4,0.6,descending,0.866025404,0.277777778
140,1,trained,18,0.6,0,0,1.4,0.6,descending,0.866025404,0.277777778
140,1,trained,19,0.6,0,0,0.6,1.4,ascending,0.779422863,0.277777778
140,1,trained,20,0.7,0,0,0.6,1.4,ascending,0.779422863,0.277777778
140,1,trained,21,0.8,0,0,0.6,1.4,ascending,0.779422863,0.277777778
140,1,trained,22,0.9,0,0,0.6,1.4,ascending,0.779422863,0.277777778
140,1,trained,23,1,1,1,0.6,1.4,ascending,0.779422863,0.277777778
140,1,trained,24,1.1,1,0,0.6,1.4,ascending,0.779422863,0.277777778
140,1,trained,25,1.2,0,1,0.6,1.4,ascending,0.779422863,0.277777778
140,1,trained,26,1.3,0,1,0.6,1.4,ascending,0.779422863,0.277777778
140,1,trained,27,1.4,0,1,0.6,1.4,ascending,0.779422863,0.277777778
140,1,trained,28,1.4,0,1,1.4,0.6,descending,0.866025404,0.277777778
140,1,trained,29,1.3,0,1,1.4,0.6,descending,0.866025404,0.277777778
140,1,trained,30,1.2,0,1,1.4,0.6,descending,0.866025404,0.277777778
140,1,trained,31,1.1,0,1,1.4,0.6,descending,0.866025404,0.277777778
140,1,trained,32,1,1,1,1.4,0.6,descending,0.866025404,0.277777778
140,1,trained,33,0.9,0,0,1.4,0.6,descending,0.866025404,0.277777778
140,1,trained,34,0.8,0,0,1.4,0.6,descending,0.866025404,0.277777778
140,1,trained,35,0.7,0,0,1.4,0.6,descending,0.866025404,0.277777778
140,1,trained,36,0.6,0,0,1.4,0.6,descending,0.866025404,0.277777778
140,1,trained,37,0.6,0,0,0.6,1.4,ascending,0.866025404,0.277777778
140,1,trained,38,0.7,0,0,0.6,1.4,ascending,0.866025404,0.277777778
140,1,trained,39,0.8,0,0,0.6,1.4,ascending,0.866025404,0.277777778
140,1,trained,40,0.9,0,0,0.6,1.4,ascending,0.866025404,0.277777778
140,1,trained,41,1,0,0,0.6,1.4,ascending,0.866025404,0.277777778
140,1,trained,42,1.1,0,1,0.6,1.4,ascending,0.866025404,0.277777778
140,1,trained,43,1.2,0,1,0.6,1.4,ascending,0.866025404,0.277777778
140,1,trained,44,1.3,0,1,0.6,1.4,ascending,0.866025404,0.277777778
140,1,trained,45,1.4,0,1,0.6,1.4,ascending,0.866025404,0.277777778
140,1,trained,55,0.6,0,0,0.6,1.4,ascending,0.519615242,0.277777778
140,1,trained,56,0.7,1,1,0.6,1.4,ascending,0.519615242,0.277777778
140,1,trained,57,0.8,0,0,0.6,1.4,ascending,0.519615242,0.277777778
140,1,trained,58,0.9,0,0,0.6,1.4,ascending,0.519615242,0.277777778
140,1,trained,59,1,1,1,0.6,1.4,ascending,0.519615242,0.277777778
140,1,trained,60,1.1,1,0,0.6,1.4,ascending,0.519615242,0.277777778
140,1,trained,61,1.2,0,1,0.6,1.4,ascending,0.519615242,0.277777778
140,1,trained,62,1.3,0,1,0.6,1.4,ascending,0.519615242,0.277777778
140,1,trained,63,1.4,0,1,0.6,1.4,ascending,0.519615242,0.277777778
140,1,trained,64,1.4,0,1,1.4,0.6,descending,0.866025404,0.277777778
140,1,trained,65,1.3,0,1,1.4,0.6,descending,0.866025404,0.277777778
140,1,trained,66,1.2,0,1,1.4,0.6,descending,0.866025404,0.277777778
140,1,trained,67,1.1,0,1,1.4,0.6,descending,0.866025404,0.277777778
140,1,trained,68,1,1,1,1.4,0.6,descending,0.866025404,0.277777778
140,1,trained,69,0.9,0,0,1.4,0.6,descending,0.866025404,0.277777778
140,1,trained,70,0.8,0,0,1.4,0.6,descending,0.866025404,0.277777778
140,1,trained,71,0.7,0,0,1.4,0.6,descending,0.866025404,0.277777778
140,1,trained,72,0.6,0,0,1.4,0.6,descending,0.866025404,0.277777778
140,2,untrained,1,1.4,0,1,1.4,0.6,descending,0.621059003,0.194444444
140,2,untrained,2,1.3,1,0,1.4,0.6,descending,0.621059003,0.194444444
140,2,untrained,3,1.2,0,1,1.4,0.6,descending,0.621059003,0.194444444
140,2,untrained,4,1.1,1,0,1.4,0.6,descending,0.621059003,0.194444444
140,2,untrained,5,1,0,0,1.4,0.6,descending,0.621059003,0.194444444
140,2,untrained,6,0.9,0,0,1.4,0.6,descending,0.621059003,0.194444444
140,2,untrained,7,0.8,0,0,1.4,0.6,descending,0.621059003,0.194444444
140,2,untrained,8,0.7,0,0,1.4,0.6,descending,0.621059003,0.194444444
140,2,untrained,9,0.6,0,0,1.4,0.6,descending,0.621059003,0.194444444
140,2,untrained,10,0.6,0,0,0.6,1.4,ascending,0.606217783,0.277777778
140,2,untrained,11,0.7,0,0,0.6,1.4,ascending,0.606217783,0.277777778
140,2,untrained,12,0.8,0,0,0.6,1.4,ascending,0.606217783,0.277777778
140,2,untrained,13,0.9,0,0,0.6,1.4,ascending,0.606217783,0.277777778
140,2,untrained,14,1,1,1,0.6,1.4,ascending,0.606217783,0.277777778
140,2,untrained,15,1.1,0,1,0.6,1.4,ascending,0.606217783,0.277777778
140,2,untrained,16,1.2,0,1,0.6,1.4,ascending,0.606217783,0.277777778
140,2,untrained,17,1.3,1,0,0.6,1.4,ascending,0.606217783,0.277777778
140,2,untrained,18,1.4,0,1,0.6,1.4,ascending,0.606217783,0.277777778
140,2,untrained,19,1.4,0,1,1.4,0.6,descending,0.821583836,0.25
140,2,untrained,20,1.3,0,1,1.4,0.6,descending,0.821583836,0.25
140,2,untrained,21,1.2,0,1,1.4,0.6,descending,0.821583836,0.25
140,2,untrained,22,1.1,1,0,1.4,0.6,descending,0.821583836,0.25
140,2,untrained,23,1,0,0,1.4,0.6,descending,0.821583836,0.25
140,2,untrained,24,0.9,0,0,1.4,0.6,descending,0.821583836,0.25
140,2,untrained,25,0.8,0,0,1.4,0.6,descending,0.821583836,0.25
140,2,untrained,26,0.7,0,0,1.4,0.6,descending,0.821583836,0.25
140,2,untrained,27,0.6,0,0,1.4,0.6,descending,0.821583836,0.25
140,2,untrained,28,0.6,0,0,0.6,1.4,ascending,0.51754917,0.194444444
140,2,untrained,29,0.7,0,0,0.6,1.4,ascending,0.51754917,0.194444444
140,2,untrained,30,0.8,0,0,0.6,1.4,ascending,0.51754917,0.194444444
140,2,untrained,31,0.9,0,0,0.6,1.4,ascending,0.51754917,0.194444444
140,2,untrained,32,1,0,0,0.6,1.4,ascending,0.51754917,0.194444444
140,2,untrained,33,1.1,1,0,0.6,1.4,ascending,0.51754917,0.194444444
140,2,untrained,34,1.2,0,1,0.6,1.4,ascending,0.51754917,0.194444444
140,2,untrained,35,1.3,0,1,0.6,1.4,ascending,0.51754917,0.194444444
140,2,untrained,36,1.4,1,0,0.6,1.4,ascending,0.51754917,0.194444444
140,2,untrained,37,1.4,0,1,1.4,0.6,descending,0.821583836,0.25
140,2,untrained,38,1.3,0,1,1.4,0.6,descending,0.821583836,0.25
140,2,untrained,39,1.2,0,1,1.4,0.6,descending,0.821583836,0.25
140,2,untrained,40,1.1,1,0,1.4,0.6,descending,0.821583836,0.25
140,2,untrained,41,1,0,0,1.4,0.6,descending,0.821583836,0.25
140,2,untrained,42,0.9,0,0,1.4,0.6,descending,0.821583836,0.25
140,2,untrained,43,0.8,0,0,1.4,0.6,descending,0.821583836,0.25
140,2,untrained,44,0.7,0,0,1.4,0.6,descending,0.821583836,0.25
140,2,untrained,45,0.6,0,0,1.4,0.6,descending,0.821583836,0.25
140,2,untrained,46,0.6,0,0,0.6,1.4,ascending,0.779422863,0.277777778
140,2,untrained,47,0.7,0,0,0.6,1.4,ascending,0.779422863,0.277777778
140,2,untrained,48,0.8,0,0,0.6,1.4,ascending,0.779422863,0.277777778
140,2,untrained,49,0.9,0,0,0.6,1.4,ascending,0.779422863,0.277777778
140,2,untrained,50,1,1,1,0.6,1.4,ascending,0.779422863,0.277777778
140,2,untrained,51,1.1,1,0,0.6,1.4,ascending,0.779422863,0.277777778
140,2,untrained,52,1.2,0,1,0.6,1.4,ascending,0.779422863,0.277777778
140,2,untrained,53,1.3,0,1,0.6,1.4,ascending,0.779422863,0.277777778
140,2,untrained,54,1.4,0,1,0.6,1.4,ascending,0.779422863,0.277777778
140,2,untrained,55,1.4,0,1,1.4,0.6,descending,0.821583836,0.25
140,2,untrained,56,1.3,0,1,1.4,0.6,descending,0.821583836,0.25
140,2,untrained,57,1.2,0,1,1.4,0.6,descending,0.821583836,0.25
140,2,untrained,58,1.1,1,0,1.4,0.6,descending,0.821583836,0.25
140,2,untrained,59,1,0,0,1.4,0.6,descending,0.821583836,0.25
140,2,untrained,60,0.9,0,0,1.4,0.6,descending,0.821583836,0.25
140,2,untrained,61,0.8,0,0,1.4,0.6,descending,0.821583836,0.25
140,2,untrained,62,0.7,0,0,1.4,0.6,descending,0.821583836,0.25
140,2,untrained,63,0.6,0,0,1.4,0.6,descending,0.821583836,0.25
140,2,untrained,64,0.6,0,0,0.6,1.4,ascending,0.547722558,0.25
140,2,untrained,65,0.7,0,0,0.6,1.4,ascending,0.547722558,0.25
140,2,untrained,66,0.8,0,0,0.6,1.4,ascending,0.547722558,0.25
140,2,untrained,67,0.9,0,0,0.6,1.4,ascending,0.547722558,0.25
140,2,untrained,68,1,0,0,0.6,1.4,ascending,0.547722558,0.25
140,2,untrained,69,1.1,0,1,0.6,1.4,ascending,0.547722558,0.25
140,2,untrained,70,1.2,0,1,0.6,1.4,ascending,0.547722558,0.25
140,2,untrained,71,1.3,0,1,0.6,1.4,ascending,0.547722558,0.25
140,2,untrained,72,1.4,1,0,0.6,1.4,ascending,0.547722558,0.25
141,1,untrained,1,0.6,0,0,0.6,1.4,ascending,0.730296743,0.25
141,1,untrained,2,0.7,0,0,0.6,1.4,ascending,0.730296743,0.25
141,1,untrained,3,0.8,0,0,0.6,1.4,ascending,0.730296743,0.25
141,1,untrained,4,0.9,0,0,0.6,1.4,ascending,0.730296743,0.25
141,1,untrained,5,1,0,0,0.6,1.4,ascending,0.730296743,0.25
141,1,untrained,6,1.1,0,1,0.6,1.4,ascending,0.730296743,0.25
141,1,untrained,7,1.2,1,0,0.6,1.4,ascending,0.730296743,0.25
141,1,untrained,8,1.3,0,1,0.6,1.4,ascending,0.730296743,0.25
141,1,untrained,9,1.4,0,1,0.6,1.4,ascending,0.730296743,0.25
141,1,untrained,10,1.4,0,1,1.4,0.6,descending,0.724568837,0.194444444
141,1,untrained,11,1.3,0,1,1.4,0.6,descending,0.724568837,0.194444444
141,1,untrained,12,1.2,0,1,1.4,0.6,descending,0.724568837,0.194444444
141,1,untrained,13,1.1,0,1,1.4,0.6,descending,0.724568837,0.194444444
141,1,untrained,14,1,1,1,1.4,0.6,descending,0.724568837,0.194444444
141,1,untrained,15,0.9,1,1,1.4,0.6,descending,0.724568837,0.194444444
141,1,untrained,16,0.8,1,1,1.4,0.6,descending,0.724568837,0.194444444
141,1,untrained,17,0.7,0,0,1.4,0.6,descending,0.724568837,0.194444444
141,1,untrained,18,0.6,0,0,1.4,0.6,descending,0.724568837,0.194444444
141,1,untrained,19,0.6,1,1,0.6,1.4,ascending,0.547722558,0.25
141,1,untrained,20,0.7,0,0,0.6,1.4,ascending,0.547722558,0.25
141,1,untrained,21,0.8,0,0,0.6,1.4,ascending,0.547722558,0.25
141,1,untrained,22,0.9,0,0,0.6,1.4,ascending,0.547722558,0.25
141,1,untrained,23,1,1,1,0.6,1.4,ascending,0.547722558,0.25
141,1,untrained,24,1.1,0,1,0.6,1.4,ascending,0.547722558,0.25
141,1,untrained,25,1.2,0,1,0.6,1.4,ascending,0.547722558,0.25
141,1,untrained,26,1.3,0,1,0.6,1.4,ascending,0.547722558,0.25
141,1,untrained,27,1.4,0,1,0.6,1.4,ascending,0.547722558,0.25
141,1,untrained,28,1.4,0,1,1.4,0.6,descending,0.730296743,0.25
141,1,untrained,29,1.3,0,1,1.4,0.6,descending,0.730296743,0.25
141,1,untrained,30,1.2,0,1,1.4,0.6,descending,0.730296743,0.25
141,1,untrained,31,1.1,0,1,1.4,0.6,descending,0.730296743,0.25
141,1,untrained,32,1,1,1,1.4,0.6,descending,0.730296743,0.25
141,1,untrained,33,0.9,0,0,1.4,0.6,descending,0.730296743,0.25
141,1,untrained,34,0.8,1,1,1.4,0.6,descending,0.730296743,0.25
141,1,untrained,35,0.7,0,0,1.4,0.6,descending,0.730296743,0.25
141,1,untrained,36,0.6,0,0,1.4,0.6,descending,0.730296743,0.25
141,1,untrained,37,0.6,0,0,0.6,1.4,ascending,0.866025404,0.277777778
141,1,untrained,38,0.7,0,0,0.6,1.4,ascending,0.866025404,0.277777778
141,1,untrained,39,0.8,0,0,0.6,1.4,ascending,0.866025404,0.277777778
141,1,untrained,40,0.9,0,0,0.6,1.4,ascending,0.866025404,0.277777778
141,1,untrained,41,1,0,0,0.6,1.4,ascending,0.866025404,0.277777778
141,1,untrained,42,1.1,0,1,0.6,1.4,ascending,0.866025404,0.277777778
141,1,untrained,43,1.2,0,1,0.6,1.4,ascending,0.866025404,0.277777778
141,1,untrained,44,1.3,0,1,0.6,1.4,ascending,0.866025404,0.277777778
141,1,untrained,45,1.4,0,1,0.6,1.4,ascending,0.866025404,0.277777778
141,1,untrained,46,1.4,0,1,1.4,0.6,descending,0.724568837,0.194444444
141,1,untrained,47,1.3,0,1,1.4,0.6,descending,0.724568837,0.194444444
141,1,untrained,48,1.2,0,1,1.4,0.6,descending,0.724568837,0.194444444
141,1,untrained,49,1.1,0,1,1.4,0.6,descending,0.724568837,0.194444444
141,1,untrained,50,1,1,1,1.4,0.6,descending,0.724568837,0.194444444
141,1,untrained,51,0.9,1,1,1.4,0.6,descending,0.724568837,0.194444444
141,1,untrained,52,0.8,1,1,1.4,0.6,descending,0.724568837,0.194444444
141,1,untrained,53,0.7,0,0,1.4,0.6,descending,0.724568837,0.194444444
141,1,untrained,54,0.6,0,0,1.4,0.6,descending,0.724568837,0.194444444
141,1,untrained,55,0.6,0,0,0.6,1.4,ascending,0.866025404,0.277777778
141,1,untrained,56,0.7,0,0,0.6,1.4,ascending,0.866025404,0.277777778
141,1,untrained,57,0.8,0,0,0.6,1.4,ascending,0.866025404,0.277777778
141,1,untrained,58,0.9,0,0,0.6,1.4,ascending,0.866025404,0.277777778
141,1,untrained,59,1,1,1,0.6,1.4,ascending,0.866025404,0.277777778
141,1,untrained,60,1.1,0,1,0.6,1.4,ascending,0.866025404,0.277777778
141,1,untrained,61,1.2,0,1,0.6,1.4,ascending,0.866025404,0.277777778
141,1,untrained,62,1.3,0,1,0.6,1.4,ascending,0.866025404,0.277777778
141,1,untrained,63,1.4,0,1,0.6,1.4,ascending,0.866025404,0.277777778
141,1,untrained,64,1.4,0,1,1.4,0.6,descending,0.724568837,0.194444444
141,1,untrained,65,1.3,0,1,1.4,0.6,descending,0.724568837,0.194444444
141,1,untrained,66,1.2,0,1,1.4,0.6,descending,0.724568837,0.194444444
141,1,untrained,67,1.1,0,1,1.4,0.6,descending,0.724568837,0.194444444
141,1,untrained,68,1,1,1,1.4,0.6,descending,0.724568837,0.194444444
141,1,untrained,69,0.9,1,1,1.4,0.6,descending,0.724568837,0.194444444
141,1,untrained,70,0.8,1,1,1.4,0.6,descending,0.724568837,0.194444444
141,1,untrained,71,0.7,0,0,1.4,0.6,descending,0.724568837,0.194444444
141,1,untrained,72,0.6,0,0,1.4,0.6,descending,0.724568837,0.194444444
141,2,trained,1,1.4,0,1,1.4,0.6,descending,0.866025404,0.277777778
141,2,trained,2,1.3,0,1,1.4,0.6,descending,0.866025404,0.277777778
141,2,trained,3,1.2,0,1,1.4,0.6,descending,0.866025404,0.277777778
141,2,trained,4,1.1,0,1,1.4,0.6,descending,0.866025404,0.277777778
141,2,trained,5,1,0,0,1.4,0.6,descending,0.866025404,0.277777778
141,2,trained,6,0.9,0,0,1.4,0.6,descending,0.866025404,0.277777778
141,2,trained,7,0.8,0,0,1.4,0.6,descending,0.866025404,0.277777778
141,2,trained,8,0.7,0,0,1.4,0.6,descending,0.866025404,0.277777778
141,2,trained,9,0.6,0,0,1.4,0.6,descending,0.866025404,0.277777778
141,2,trained,10,0.6,0,0,0.6,1.4,ascending,0.866025404,0.277777778
141,2,trained,11,0.7,0,0,0.6,1.4,ascending,0.866025404,0.277777778
141,2,trained,12,0.8,0,0,0.6,1.4,ascending,0.866025404,0.277777778
141,2,trained,13,0.9,0,0,0.6,1.4,ascending,0.866025404,0.277777778
141,2,trained,14,1,0,0,0.6,1.4,ascending,0.866025404,0.277777778
141,2,trained,15,1.1,0,1,0.6,1.4,ascending,0.866025404,0.277777778
141,2,trained,16,1.2,0,1,0.6,1.4,ascending,0.866025404,0.277777778
141,2,trained,17,1.3,0,1,0.6,1.4,ascending,0.866025404,0.277777778
141,2,trained,18,1.4,0,1,0.6,1.4,ascending,0.866025404,0.277777778
141,2,trained,19,1.4,0,1,1.4,0.6,descending,0.779422863,0.277777778
141,2,trained,20,1.3,0,1,1.4,0.6,descending,0.779422863,0.277777778
141,2,trained,21,1.2,0,1,1.4,0.6,descending,0.779422863,0.277777778
141,2,trained,22,1.1,0,1,1.4,0.6,descending,0.779422863,0.277777778
141,2,trained,23,1,0,0,1.4,0.6,descending,0.779422863,0.277777778
141,2,trained,24,0.9,1,1,1.4,0.6,descending,0.779422863,0.277777778
141,2,trained,25,0.8,0,0,1.4,0.6,descending,0.779422863,0.277777778
141,2,trained,26,0.7,0,0,1.4,0.6,descending,0.779422863,0.277777778
141,2,trained,27,0.6,0,0,1.4,0.6,descending,0.779422863,0.277777778
141,2,trained,28,0.6,1,1,0.6,1.4,ascending,0.547722558,0.25
141,2,trained,29,0.7,0,0,0.6,1.4,ascending,0.547722558,0.25
141,2,trained,30,0.8,0,0,0.6,1.4,ascending,0.547722558,0.25
141,2,trained,31,0.9,0,0,0.6,1.4,ascending,0.547722558,0.25
141,2,trained,32,1,1,1,0.6,1.4,ascending,0.547722558,0.25
141,2,trained,33,1.1,0,1,0.6,1.4,ascending,0.547722558,0.25
141,2,trained,34,1.2,0,1,0.6,1.4,ascending,0.547722558,0.25
141,2,trained,35,1.3,0,1,0.6,1.4,ascending,0.547722558,0.25
141,2,trained,36,1.4,0,1,0.6,1.4,ascending,0.547722558,0.25
141,2,trained,37,1.4,0,1,1.4,0.6,descending,0.821583836,0.25
141,2,trained,38,1.3,0,1,1.4,0.6,descending,0.821583836,0.25
141,2,trained,39,1.2,0,1,1.4,0.6,descending,0.821583836,0.25
141,2,trained,40,1.1,0,1,1.4,0.6,descending,0.821583836,0.25
141,2,trained,41,1,1,1,1.4,0.6,descending,0.821583836,0.25
141,2,trained,42,0.9,1,1,1.4,0.6,descending,0.821583836,0.25
141,2,trained,43,0.8,0,0,1.4,0.6,descending,0.821583836,0.25
141,2,trained,44,0.7,0,0,1.4,0.6,descending,0.821583836,0.25
141,2,trained,45,0.6,0,0,1.4,0.6,descending,0.821583836,0.25
141,2,trained,46,0.6,0,0,0.6,1.4,ascending,0.866025404,0.277777778
141,2,trained,47,0.7,0,0,0.6,1.4,ascending,0.866025404,0.277777778
141,2,trained,48,0.8,0,0,0.6,1.4,ascending,0.866025404,0.277777778
141,2,trained,49,0.9,0,0,0.6,1.4,ascending,0.866025404,0.277777778
141,2,trained,50,1,0,0,0.6,1.4,ascending,0.866025404,0.277777778
141,2,trained,51,1.1,0,1,0.6,1.4,ascending,0.866025404,0.277777778
141,2,trained,52,1.2,0,1,0.6,1.4,ascending,0.866025404,0.277777778
141,2,trained,53,1.3,0,1,0.6,1.4,ascending,0.866025404,0.277777778
141,2,trained,54,1.4,0,1,0.6,1.4,ascending,0.866025404,0.277777778
141,2,trained,55,1.4,0,1,1.4,0.6,descending,0.547722558,0.25
141,2,trained,56,1.3,0,1,1.4,0.6,descending,0.547722558,0.25
141,2,trained,57,1.2,0,1,1.4,0.6,descending,0.547722558,0.25
141,2,trained,58,1.1,0,1,1.4,0.6,descending,0.547722558,0.25
141,2,trained,59,1,1,1,1.4,0.6,descending,0.547722558,0.25
141,2,trained,60,0.9,0,0,1.4,0.6,descending,0.547722558,0.25
141,2,trained,61,0.8,0,0,1.4,0.6,descending,0.547722558,0.25
141,2,trained,62,0.7,0,0,1.4,0.6,descending,0.547722558,0.25
141,2,trained,63,0.6,1,1,1.4,0.6,descending,0.547722558,0.25
141,2,trained,64,0.6,0,0,0.6,1.4,ascending,0.866025404,0.277777778
141,2,trained,65,0.7,0,0,0.6,1.4,ascending,0.866025404,0.277777778
141,2,trained,66,0.8,0,0,0.6,1.4,ascending,0.866025404,0.277777778
141,2,trained,67,0.9,0,0,0.6,1.4,ascending,0.866025404,0.277777778
141,2,trained,68,1,1,1,0.6,1.4,ascending,0.866025404,0.277777778
141,2,trained,69,1.1,0,1,0.6,1.4,ascending,0.866025404,0.277777778
141,2,trained,70,1.2,0,1,0.6,1.4,ascending,0.866025404,0.277777778
141,2,trained,71,1.3,0,1,0.6,1.4,ascending,0.866025404,0.277777778
141,2,trained,72,1.4,0,1,0.6,1.4,ascending,0.866025404,0.277777778
143,1,untrained,1,0.6,0,0,0.6,1.4,ascending,0.606217783,0.277777778
143,1,untrained,2,0.7,0,0,0.6,1.4,ascending,0.606217783,0.277777778
143,1,untrained,3,0.8,1,1,0.6,1.4,ascending,0.606217783,0.277777778
143,1,untrained,4,0.9,0,0,0.6,1.4,ascending,0.606217783,0.277777778
143,1,untrained,5,1,1,1,0.6,1.4,ascending,0.606217783,0.277777778
143,1,untrained,6,1.1,1,0,0.6,1.4,ascending,0.606217783,0.277777778
143,1,untrained,7,1.2,0,1,0.6,1.4,ascending,0.606217783,0.277777778
143,1,untrained,8,1.3,0,1,0.6,1.4,ascending,0.606217783,0.277777778
143,1,untrained,9,1.4,0,1,0.6,1.4,ascending,0.606217783,0.277777778
143,1,untrained,10,1.4,0,1,1.4,0.6,descending,0.456435465,0.25
143,1,untrained,11,1.3,0,1,1.4,0.6,descending,0.456435465,0.25
143,1,untrained,12,1.2,0,1,1.4,0.6,descending,0.456435465,0.25
143,1,untrained,13,1.1,1,0,1.4,0.6,descending,0.456435465,0.25
143,1,untrained,14,1,1,1,1.4,0.6,descending,0.456435465,0.25
143,1,untrained,15,0.9,1,1,1.4,0.6,descending,0.456435465,0.25
143,1,untrained,16,0.8,0,0,1.4,0.6,descending,0.456435465,0.25
143,1,untrained,17,0.7,1,1,1.4,0.6,descending,0.456435465,0.25
143,1,untrained,18,0.6,0,0,1.4,0.6,descending,0.456435465,0.25
143,1,untrained,19,0.6,0,0,0.6,1.4,ascending,0.63900965,0.25
143,1,untrained,20,0.7,1,1,0.6,1.4,ascending,0.63900965,0.25
143,1,untrained,21,0.8,0,0,0.6,1.4,ascending,0.63900965,0.25
143,1,untrained,22,0.9,0,0,0.6,1.4,ascending,0.63900965,0.25
143,1,untrained,23,1,1,1,0.6,1.4,ascending,0.63900965,0.25
143,1,untrained,24,1.1,0,1,0.6,1.4,ascending,0.63900965,0.25
143,1,untrained,25,1.2,0,1,0.6,1.4,ascending,0.63900965,0.25
143,1,untrained,26,1.3,0,1,0.6,1.4,ascending,0.63900965,0.25
143,1,untrained,27,1.4,0,1,0.6,1.4,ascending,0.63900965,0.25
143,1,untrained,28,1.4,0,1,1.4,0.6,descending,0.692820323,0.277777778
143,1,untrained,29,1.3,0,1,1.4,0.6,descending,0.692820323,0.277777778
143,1,untrained,30,1.2,0,1,1.4,0.6,descending,0.692820323,0.277777778
143,1,untrained,31,1.1,1,0,1.4,0.6,descending,0.692820323,0.277777778
143,1,untrained,32,1,1,1,1.4,0.6,descending,0.692820323,0.277777778
143,1,untrained,33,0.9,1,1,1.4,0.6,descending,0.692820323,0.277777778
143,1,untrained,34,0.8,0,0,1.4,0.6,descending,0.692820323,0.277777778
143,1,untrained,35,0.7,0,0,1.4,0.6,descending,0.692820323,0.277777778
143,1,untrained,36,0.6,0,0,1.4,0.6,descending,0.692820323,0.277777778
143,1,untrained,46,1.4,0,1,1.4,0.6,descending,0.63900965,0.25
143,1,untrained,47,1.3,0,1,1.4,0.6,descending,0.63900965,0.25
143,1,untrained,48,1.2,0,1,1.4,0.6,descending,0.63900965,0.25
143,1,untrained,49,1.1,0,1,1.4,0.6,descending,0.63900965,0.25
143,1,untrained,50,1,0,0,1.4,0.6,descending,0.63900965,0.25
143,1,untrained,51,0.9,1,1,1.4,0.6,descending,0.63900965,0.25
143,1,untrained,52,0.8,1,1,1.4,0.6,descending,0.63900965,0.25
143,1,untrained,53,0.7,0,0,1.4,0.6,descending,0.63900965,0.25
143,1,untrained,54,0.6,0,0,1.4,0.6,descending,0.63900965,0.25
143,1,untrained,55,0.6,0,0,0.6,1.4,ascending,0.821583836,0.25
143,1,untrained,56,0.7,0,0,0.6,1.4,ascending,0.821583836,0.25
143,1,untrained,57,0.8,0,0,0.6,1.4,ascending,0.821583836,0.25
143,1,untrained,58,0.9,1,1,0.6,1.4,ascending,0.821583836,0.25
143,1,untrained,59,1,1,1,0.6,1.4,ascending,0.821583836,0.25
143,1,untrained,60,1.1,0,1,0.6,1.4,ascending,0.821583836,0.25
143,1,untrained,61,1.2,0,1,0.6,1.4,ascending,0.821583836,0.25
143,1,untrained,62,1.3,0,1,0.6,1.4,ascending,0.821583836,0.25
143,1,untrained,63,1.4,0,1,0.6,1.4,ascending,0.821583836,0.25
143,1,untrained,64,1.4,0,1,1.4,0.6,descending,0.621059003,0.194444444
143,1,untrained,65,1.3,0,1,1.4,0.6,descending,0.621059003,0.194444444
143,1,untrained,66,1.2,0,1,1.4,0.6,descending,0.621059003,0.194444444
143,1,untrained,67,1.1,0,1,1.4,0.6,descending,0.621059003,0.194444444
143,1,untrained,68,1,1,1,1.4,0.6,descending,0.621059003,0.194444444
143,1,untrained,69,0.9,1,1,1.4,0.6,descending,0.621059003,0.194444444
143,1,untrained,70,0.8,0,0,1.4,0.6,descending,0.621059003,0.194444444
143,1,untrained,71,0.7,1,1,1.4,0.6,descending,0.621059003,0.194444444
143,1,untrained,72,0.6,0,0,1.4,0.6,descending,0.621059003,0.194444444
143,2,trained,10,0.6,0,0,0.6,1.4,ascending,0.724568837,0.194444444
143,2,trained,11,0.7,0,0,0.6,1.4,ascending,0.724568837,0.194444444
143,2,trained,12,0.8,1,1,0.6,1.4,ascending,0.724568837,0.194444444
143,2,trained,13,0.9,1,1,0.6,1.4,ascending,0.724568837,0.194444444
143,2,trained,14,1,1,1,0.6,1.4,ascending,0.724568837,0.194444444
143,2,trained,15,1.1,0,1,0.6,1.4,ascending,0.724568837,0.194444444
143,2,trained,16,1.2,0,1,0.6,1.4,ascending,0.724568837,0.194444444
143,2,trained,17,1.3,0,1,0.6,1.4,ascending,0.724568837,0.194444444
143,2,trained,18,1.4,0,1,0.6,1.4,ascending,0.724568837,0.194444444
143,2,trained,19,1.4,0,1,1.4,0.6,descending,0.821583836,0.25
143,2,trained,20,1.3,0,1,1.4,0.6,descending,0.821583836,0.25
143,2,trained,21,1.2,0,1,1.4,0.6,descending,0.821583836,0.25
143,2,trained,22,1.1,0,1,1.4,0.6,descending,0.821583836,0.25
143,2,trained,23,1,1,1,1.4,0.6,descending,0.821583836,0.25
143,2,trained,24,0.9,1,1,1.4,0.6,descending,0.821583836,0.25
143,2,trained,25,0.8,0,0,1.4,0.6,descending,0.821583836,0.25
143,2,trained,26,0.7,0,0,1.4,0.6,descending,0.821583836,0.25
143,2,trained,27,0.6,0,0,1.4,0.6,descending,0.821583836,0.25
143,2,trained,46,0.6,0,0,0.6,1.4,ascending,0.63900965,0.25
143,2,trained,47,0.7,0,0,0.6,1.4,ascending,0.63900965,0.25
143,2,trained,48,0.8,1,1,0.6,1.4,ascending,0.63900965,0.25
143,2,trained,49,0.9,1,1,0.6,1.4,ascending,0.63900965,0.25
143,2,trained,50,1,0,0,0.6,1.4,ascending,0.63900965,0.25
143,2,trained,51,1.1,0,1,0.6,1.4,ascending,0.63900965,0.25
143,2,trained,52,1.2,0,1,0.6,1.4,ascending,0.63900965,0.25
143,2,trained,53,1.3,0,1,0.6,1.4,ascending,0.63900965,0.25
143,2,trained,54,1.4,0,1,0.6,1.4,ascending,0.63900965,0.25
144,1,trained,1,0.6,0,0,0.6,1.4,ascending,0.866025404,0.277777778
144,1,trained,2,0.7,0,0,0.6,1.4,ascending,0.866025404,0.277777778
144,1,trained,3,0.8,0,0,0.6,1.4,ascending,0.866025404,0.277777778
144,1,trained,4,0.9,0,0,0.6,1.4,ascending,0.866025404,0.277777778
144,1,trained,5,1,1,1,0.6,1.4,ascending,0.866025404,0.277777778
144,1,trained,6,1.1,0,1,0.6,1.4,ascending,0.866025404,0.277777778
144,1,trained,7,1.2,0,1,0.6,1.4,ascending,0.866025404,0.277777778
144,1,trained,8,1.3,0,1,0.6,1.4,ascending,0.866025404,0.277777778
144,1,trained,9,1.4,0,1,0.6,1.4,ascending,0.866025404,0.277777778
144,1,trained,10,1.4,0,1,1.4,0.6,descending,0.866025404,0.277777778
144,1,trained,11,1.3,0,1,1.4,0.6,descending,0.866025404,0.277777778
144,1,trained,12,1.2,0,1,1.4,0.6,descending,0.866025404,0.277777778
144,1,trained,13,1.1,0,1,1.4,0.6,descending,0.866025404,0.277777778
144,1,trained,14,1,1,1,1.4,0.6,descending,0.866025404,0.277777778
144,1,trained,15,0.9,0,0,1.4,0.6,descending,0.866025404,0.277777778
144,1,trained,16,0.8,0,0,1.4,0.6,descending,0.866025404,0.277777778
144,1,trained,17,0.7,0,0,1.4,0.6,descending,0.866025404,0.277777778
144,1,trained,18,0.6,0,0,1.4,0.6,descending,0.866025404,0.277777778
144,1,trained,19,0.6,0,0,0.6,1.4,ascending,0.866025404,0.277777778
144,1,trained,20,0.7,0,0,0.6,1.4,ascending,0.866025404,0.277777778
144,1,trained,21,0.8,0,0,0.6,1.4,ascending,0.866025404,0.277777778
144,1,trained,22,0.9,0,0,0.6,1.4,ascending,0.866025404,0.277777778
144,1,trained,23,1,1,1,0.6,1.4,ascending,0.866025404,0.277777778
144,1,trained,24,1.1,0,1,0.6,1.4,ascending,0.866025404,0.277777778
144,1,trained,25,1.2,0,1,0.6,1.4,ascending,0.866025404,0.277777778
144,1,trained,26,1.3,0,1,0.6,1.4,ascending,0.866025404,0.277777778
144,1,trained,27,1.4,0,1,0.6,1.4,ascending,0.866025404,0.277777778
144,1,trained,28,1.4,0,1,1.4,0.6,descending,0.866025404,0.277777778
144,1,trained,29,1.3,0,1,1.4,0.6,descending,0.866025404,0.277777778
144,1,trained,30,1.2,0,1,1.4,0.6,descending,0.866025404,0.277777778
144,1,trained,31,1.1,0,1,1.4,0.6,descending,0.866025404,0.277777778
144,1,trained,32,1,0,0,1.4,0.6,descending,0.866025404,0.277777778
144,1,trained,33,0.9,0,0,1.4,0.6,descending,0.866025404,0.277777778
144,1,trained,34,0.8,0,0,1.4,0.6,descending,0.866025404,0.277777778
144,1,trained,35,0.7,0,0,1.4,0.6,descending,0.866025404,0.277777778
144,1,trained,36,0.6,0,0,1.4,0.6,descending,0.866025404,0.277777778
144,1,trained,37,0.6,0,0,0.6,1.4,ascending,0.866025404,0.277777778
144,1,trained,38,0.7,0,0,0.6,1.4,ascending,0.866025404,0.277777778
144,1,trained,39,0.8,0,0,0.6,1.4,ascending,0.866025404,0.277777778
144,1,trained,40,0.9,0,0,0.6,1.4,ascending,0.866025404,0.277777778
144,1,trained,41,1,1,1,0.6,1.4,ascending,0.866025404,0.277777778
144,1,trained,42,1.1,0,1,0.6,1.4,ascending,0.866025404,0.277777778
144,1,trained,43,1.2,0,1,0.6,1.4,ascending,0.866025404,0.277777778
144,1,trained,44,1.3,0,1,0.6,1.4,ascending,0.866025404,0.277777778
144,1,trained,45,1.4,0,1,0.6,1.4,ascending,0.866025404,0.277777778
144,1,trained,46,1.4,0,1,1.4,0.6,descending,0.821583836,0.25
144,1,trained,47,1.3,0,1,1.4,0.6,descending,0.821583836,0.25
144,1,trained,48,1.2,0,1,1.4,0.6,descending,0.821583836,0.25
144,1,trained,49,1.1,1,0,1.4,0.6,descending,0.821583836,0.25
144,1,trained,50,1,0,0,1.4,0.6,descending,0.821583836,0.25
144,1,trained,51,0.9,0,0,1.4,0.6,descending,0.821583836,0.25
144,1,trained,52,0.8,0,0,1.4,0.6,descending,0.821583836,0.25
144,1,trained,53,0.7,0,0,1.4,0.6,descending,0.821583836,0.25
144,1,trained,54,0.6,0,0,1.4,0.6,descending,0.821583836,0.25
144,1,trained,55,0.6,0,0,0.6,1.4,ascending,0.866025404,0.277777778
144,1,trained,56,0.7,0,0,0.6,1.4,ascending,0.866025404,0.277777778
144,1,trained,57,0.8,0,0,0.6,1.4,ascending,0.866025404,0.277777778
144,1,trained,58,0.9,0,0,0.6,1.4,ascending,0.866025404,0.277777778
144,1,trained,59,1,1,1,0.6,1.4,ascending,0.866025404,0.277777778
144,1,trained,60,1.1,0,1,0.6,1.4,ascending,0.866025404,0.277777778
144,1,trained,61,1.2,0,1,0.6,1.4,ascending,0.866025404,0.277777778
144,1,trained,62,1.3,0,1,0.6,1.4,ascending,0.866025404,0.277777778
144,1,trained,63,1.4,0,1,0.6,1.4,ascending,0.866025404,0.277777778
144,1,trained,64,1.4,0,1,1.4,0.6,descending,0.866025404,0.277777778
144,1,trained,65,1.3,0,1,1.4,0.6,descending,0.866025404,0.277777778
144,1,trained,66,1.2,0,1,1.4,0.6,descending,0.866025404,0.277777778
144,1,trained,67,1.1,0,1,1.4,0.6,descending,0.866025404,0.277777778
144,1,trained,68,1,1,1,1.4,0.6,descending,0.866025404,0.277777778
144,1,trained,69,0.9,0,0,1.4,0.6,descending,0.866025404,0.277777778
144,1,trained,70,0.8,0,0,1.4,0.6,descending,0.866025404,0.277777778
144,1,trained,71,0.7,0,0,1.4,0.6,descending,0.866025404,0.277777778
144,1,trained,72,0.6,0,0,1.4,0.6,descending,0.866025404,0.277777778
144,2,untrained,1,1.4,0,1,1.4,0.6,descending,0.821583836,0.25
144,2,untrained,2,1.3,0,1,1.4,0.6,descending,0.821583836,0.25
144,2,untrained,3,1.2,0,1,1.4,0.6,descending,0.821583836,0.25
144,2,untrained,4,1.1,1,0,1.4,0.6,descending,0.821583836,0.25
144,2,untrained,5,1,0,0,1.4,0.6,descending,0.821583836,0.25
144,2,untrained,6,0.9,0,0,1.4,0.6,descending,0.821583836,0.25
144,2,untrained,7,0.8,0,0,1.4,0.6,descending,0.821583836,0.25
144,2,untrained,8,0.7,0,0,1.4,0.6,descending,0.821583836,0.25
144,2,untrained,9,0.6,0,0,1.4,0.6,descending,0.821583836,0.25
144,2,untrained,10,0.6,0,0,0.6,1.4,ascending,0.866025404,0.277777778
144,2,untrained,11,0.7,0,0,0.6,1.4,ascending,0.866025404,0.277777778
144,2,untrained,12,0.8,0,0,0.6,1.4,ascending,0.866025404,0.277777778
144,2,untrained,13,0.9,0,0,0.6,1.4,ascending,0.866025404,0.277777778
144,2,untrained,14,1,0,0,0.6,1.4,ascending,0.866025404,0.277777778
144,2,untrained,15,1.1,0,1,0.6,1.4,ascending,0.866025404,0.277777778
144,2,untrained,16,1.2,0,1,0.6,1.4,ascending,0.866025404,0.277777778
144,2,untrained,17,1.3,0,1,0.6,1.4,ascending,0.866025404,0.277777778
144,2,untrained,18,1.4,0,1,0.6,1.4,ascending,0.866025404,0.277777778
144,2,untrained,19,1.4,0,1,1.4,0.6,descending,0.866025404,0.277777778
144,2,untrained,20,1.3,0,1,1.4,0.6,descending,0.866025404,0.277777778
144,2,untrained,21,1.2,0,1,1.4,0.6,descending,0.866025404,0.277777778
144,2,untrained,22,1.1,0,1,1.4,0.6,descending,0.866025404,0.277777778
144,2,untrained,23,1,0,0,1.4,0.6,descending,0.866025404,0.277777778
144,2,untrained,24,0.9,0,0,1.4,0.6,descending,0.866025404,0.277777778
144,2,untrained,25,0.8,0,0,1.4,0.6,descending,0.866025404,0.277777778
144,2,untrained,26,0.7,0,0,1.4,0.6,descending,0.866025404,0.277777778
144,2,untrained,27,0.6,0,0,1.4,0.6,descending,0.866025404,0.277777778
144,2,untrained,28,0.6,0,0,0.6,1.4,ascending,0.866025404,0.277777778
144,2,untrained,29,0.7,0,0,0.6,1.4,ascending,0.866025404,0.277777778
144,2,untrained,30,0.8,0,0,0.6,1.4,ascending,0.866025404,0.277777778
144,2,untrained,31,0.9,0,0,0.6,1.4,ascending,0.866025404,0.277777778
144,2,untrained,32,1,0,0,0.6,1.4,ascending,0.866025404,0.277777778
144,2,untrained,33,1.1,0,1,0.6,1.4,ascending,0.866025404,0.277777778
144,2,untrained,34,1.2,0,1,0.6,1.4,ascending,0.866025404,0.277777778
144,2,untrained,35,1.3,0,1,0.6,1.4,ascending,0.866025404,0.277777778
144,2,untrained,36,1.4,0,1,0.6,1.4,ascending,0.866025404,0.277777778
144,2,untrained,37,1.4,0,1,1.4,0.6,descending,0.821583836,0.25
144,2,untrained,38,1.3,0,1,1.4,0.6,descending,0.821583836,0.25
144,2,untrained,39,1.2,0,1,1.4,0.6,descending,0.821583836,0.25
144,2,untrained,40,1.1,1,0,1.4,0.6,descending,0.821583836,0.25
144,2,untrained,41,1,0,0,1.4,0.6,descending,0.821583836,0.25
144,2,untrained,42,0.9,0,0,1.4,0.6,descending,0.821583836,0.25
144,2,untrained,43,0.8,0,0,1.4,0.6,descending,0.821583836,0.25
144,2,untrained,44,0.7,0,0,1.4,0.6,descending,0.821583836,0.25
144,2,untrained,45,0.6,0,0,1.4,0.6,descending,0.821583836,0.25
144,2,untrained,46,0.6,0,0,0.6,1.4,ascending,0.821583836,0.25
144,2,untrained,47,0.7,0,0,0.6,1.4,ascending,0.821583836,0.25
144,2,untrained,48,0.8,0,0,0.6,1.4,ascending,0.821583836,0.25
144,2,untrained,49,0.9,0,0,0.6,1.4,ascending,0.821583836,0.25
144,2,untrained,50,1,0,0,0.6,1.4,ascending,0.821583836,0.25
144,2,untrained,51,1.1,1,0,0.6,1.4,ascending,0.821583836,0.25
144,2,untrained,52,1.2,0,1,0.6,1.4,ascending,0.821583836,0.25
144,2,untrained,53,1.3,0,1,0.6,1.4,ascending,0.821583836,0.25
144,2,untrained,54,1.4,0,1,0.6,1.4,ascending,0.821583836,0.25
144,2,untrained,55,1.4,0,1,1.4,0.6,descending,0.866025404,0.277777778
144,2,untrained,56,1.3,0,1,1.4,0.6,descending,0.866025404,0.277777778
144,2,untrained,57,1.2,0,1,1.4,0.6,descending,0.866025404,0.277777778
144,2,untrained,58,1.1,0,1,1.4,0.6,descending,0.866025404,0.277777778
144,2,untrained,59,1,0,0,1.4,0.6,descending,0.866025404,0.277777778
144,2,untrained,60,0.9,0,0,1.4,0.6,descending,0.866025404,0.277777778
144,2,untrained,61,0.8,0,0,1.4,0.6,descending,0.866025404,0.277777778
144,2,untrained,62,0.7,0,0,1.4,0.6,descending,0.866025404,0.277777778
144,2,untrained,63,0.6,0,0,1.4,0.6,descending,0.866025404,0.277777778
144,2,untrained,64,0.6,0,0,0.6,1.4,ascending,0.866025404,0.277777778
144,2,untrained,65,0.7,0,0,0.6,1.4,ascending,0.866025404,0.277777778
144,2,untrained,66,0.8,0,0,0.6,1.4,ascending,0.866025404,0.277777778
144,2,untrained,67,0.9,0,0,0.6,1.4,ascending,0.866025404,0.277777778
144,2,untrained,68,1,0,0,0.6,1.4,ascending,0.866025404,0.277777778
144,2,untrained,69,1.1,0,1,0.6,1.4,ascending,0.866025404,0.277777778
144,2,untrained,70,1.2,0,1,0.6,1.4,ascending,0.866025404,0.277777778
144,2,untrained,71,1.3,0,1,0.6,1.4,ascending,0.866025404,0.277777778
144,2,untrained,72,1.4,0,1,0.6,1.4,ascending,0.866025404,0.277777778
145,1,untrained,1,0.6,0,0,0.6,1.4,ascending,0.692820323,0.277777778
145,1,untrained,2,0.7,0,0,0.6,1.4,ascending,0.692820323,0.277777778
145,1,untrained,3,0.8,1,1,0.6,1.4,ascending,0.692820323,0.277777778
145,1,untrained,4,0.9,0,0,0.6,1.4,ascending,0.692820323,0.277777778
145,1,untrained,5,1,0,0,0.6,1.4,ascending,0.692820323,0.277777778
145,1,untrained,6,1.1,0,1,0.6,1.4,ascending,0.692820323,0.277777778
145,1,untrained,7,1.2,0,1,0.6,1.4,ascending,0.692820323,0.277777778
145,1,untrained,8,1.3,0,1,0.6,1.4,ascending,0.692820323,0.277777778
145,1,untrained,9,1.4,0,1,0.6,1.4,ascending,0.692820323,0.277777778
145,1,untrained,10,1.4,0,1,1.4,0.6,descending,0.724568837,0.194444444
145,1,untrained,11,1.3,0,1,1.4,0.6,descending,0.724568837,0.194444444
145,1,untrained,12,1.2,0,1,1.4,0.6,descending,0.724568837,0.194444444
145,1,untrained,13,1.1,0,1,1.4,0.6,descending,0.724568837,0.194444444
145,1,untrained,14,1,1,1,1.4,0.6,descending,0.724568837,0.194444444
145,1,untrained,15,0.9,1,1,1.4,0.6,descending,0.724568837,0.194444444
145,1,untrained,16,0.8,1,1,1.4,0.6,descending,0.724568837,0.194444444
145,1,untrained,17,0.7,0,0,1.4,0.6,descending,0.724568837,0.194444444
145,1,untrained,18,0.6,0,0,1.4,0.6,descending,0.724568837,0.194444444
145,1,untrained,19,0.6,0,0,0.6,1.4,ascending,0.621059003,0.194444444
145,1,untrained,20,0.7,1,1,0.6,1.4,ascending,0.621059003,0.194444444
145,1,untrained,21,0.8,0,0,0.6,1.4,ascending,0.621059003,0.194444444
145,1,untrained,22,0.9,1,1,0.6,1.4,ascending,0.621059003,0.194444444
145,1,untrained,23,1,1,1,0.6,1.4,ascending,0.621059003,0.194444444
145,1,untrained,24,1.1,0,1,0.6,1.4,ascending,0.621059003,0.194444444
145,1,untrained,25,1.2,0,1,0.6,1.4,ascending,0.621059003,0.194444444
145,1,untrained,26,1.3,0,1,0.6,1.4,ascending,0.621059003,0.194444444
145,1,untrained,27,1.4,0,1,0.6,1.4,ascending,0.621059003,0.194444444
145,1,untrained,28,1.4,0,1,1.4,0.6,descending,0.724568837,0.194444444
145,1,untrained,29,1.3,0,1,1.4,0.6,descending,0.724568837,0.194444444
145,1,untrained,30,1.2,0,1,1.4,0.6,descending,0.724568837,0.194444444
145,1,untrained,31,1.1,0,1,1.4,0.6,descending,0.724568837,0.194444444
145,1,untrained,32,1,1,1,1.4,0.6,descending,0.724568837,0.194444444
145,1,untrained,33,0.9,1,1,1.4,0.6,descending,0.724568837,0.194444444
145,1,untrained,34,0.8,1,1,1.4,0.6,descending,0.724568837,0.194444444
145,1,untrained,35,0.7,0,0,1.4,0.6,descending,0.724568837,0.194444444
145,1,untrained,36,0.6,0,0,1.4,0.6,descending,0.724568837,0.194444444
145,1,untrained,37,0.6,1,1,0.6,1.4,ascending,0.547722558,0.25
145,1,untrained,38,0.7,0,0,0.6,1.4,ascending,0.547722558,0.25
145,1,untrained,39,0.8,0,0,0.6,1.4,ascending,0.547722558,0.25
145,1,untrained,40,0.9,0,0,0.6,1.4,ascending,0.547722558,0.25
145,1,untrained,41,1,1,1,0.6,1.4,ascending,0.547722558,0.25
145,1,untrained,42,1.1,0,1,0.6,1.4,ascending,0.547722558,0.25
145,1,untrained,43,1.2,0,1,0.6,1.4,ascending,0.547722558,0.25
145,1,untrained,44,1.3,0,1,0.6,1.4,ascending,0.547722558,0.25
145,1,untrained,45,1.4,0,1,0.6,1.4,ascending,0.547722558,0.25
145,1,untrained,46,1.4,0,1,1.4,0.6,descending,0.519615242,0.277777778
145,1,untrained,47,1.3,1,0,1.4,0.6,descending,0.519615242,0.277777778
145,1,untrained,48,1.2,0,1,1.4,0.6,descending,0.519615242,0.277777778
145,1,untrained,49,1.1,0,1,1.4,0.6,descending,0.519615242,0.277777778
145,1,untrained,50,1,1,1,1.4,0.6,descending,0.519615242,0.277777778
145,1,untrained,51,0.9,1,1,1.4,0.6,descending,0.519615242,0.277777778
145,1,untrained,52,0.8,0,0,1.4,0.6,descending,0.519615242,0.277777778
145,1,untrained,53,0.7,0,0,1.4,0.6,descending,0.519615242,0.277777778
145,1,untrained,54,0.6,0,0,1.4,0.6,descending,0.519615242,0.277777778
145,1,untrained,55,0.6,0,0,0.6,1.4,ascending,0.692820323,0.277777778
145,1,untrained,56,0.7,0,0,0.6,1.4,ascending,0.692820323,0.277777778
145,1,untrained,57,0.8,0,0,0.6,1.4,ascending,0.692820323,0.277777778
145,1,untrained,58,0.9,0,0,0.6,1.4,ascending,0.692820323,0.277777778
145,1,untrained,59,1,1,1,0.6,1.4,ascending,0.692820323,0.277777778
145,1,untrained,60,1.1,0,1,0.6,1.4,ascending,0.692820323,0.277777778
145,1,untrained,61,1.2,1,0,0.6,1.4,ascending,0.692820323,0.277777778
145,1,untrained,62,1.3,0,1,0.6,1.4,ascending,0.692820323,0.277777778
145,1,untrained,63,1.4,0,1,0.6,1.4,ascending,0.692820323,0.277777778
145,1,untrained,64,1.4,0,1,1.4,0.6,descending,0.456435465,0.25
145,1,untrained,65,1.3,0,1,1.4,0.6,descending,0.456435465,0.25
145,1,untrained,66,1.2,0,1,1.4,0.6,descending,0.456435465,0.25
145,1,untrained,67,1.1,1,0,1.4,0.6,descending,0.456435465,0.25
145,1,untrained,68,1,1,1,1.4,0.6,descending,0.456435465,0.25
145,1,untrained,69,0.9,1,1,1.4,0.6,descending,0.456435465,0.25
145,1,untrained,70,0.8,0,0,1.4,0.6,descending,0.456435465,0.25
145,1,untrained,71,0.7,1,1,1.4,0.6,descending,0.456435465,0.25
145,1,untrained,72,0.6,0,0,1.4,0.6,descending,0.456435465,0.25
145,2,trained,19,1.4,0,1,1.4,0.6,descending,0.519615242,0.277777778
145,2,trained,20,1.3,1,0,1.4,0.6,descending,0.519615242,0.277777778
145,2,trained,21,1.2,0,1,1.4,0.6,descending,0.519615242,0.277777778
145,2,trained,22,1.1,0,1,1.4,0.6,descending,0.519615242,0.277777778
145,2,trained,23,1,1,1,1.4,0.6,descending,0.519615242,0.277777778
145,2,trained,24,0.9,1,1,1.4,0.6,descending,0.519615242,0.277777778
145,2,trained,25,0.8,0,0,1.4,0.6,descending,0.519615242,0.277777778
145,2,trained,26,0.7,0,0,1.4,0.6,descending,0.519615242,0.277777778
145,2,trained,27,0.6,0,0,1.4,0.6,descending,0.519615242,0.277777778
145,2,trained,28,0.6,0,0,0.6,1.4,ascending,0.730296743,0.25
145,2,trained,29,0.7,0,0,0.6,1.4,ascending,0.730296743,0.25
145,2,trained,30,0.8,0,0,0.6,1.4,ascending,0.730296743,0.25
145,2,trained,31,0.9,0,0,0.6,1.4,ascending,0.730296743,0.25
145,2,trained,32,1,0,0,0.6,1.4,ascending,0.730296743,0.25
145,2,trained,33,1.1,0,1,0.6,1.4,ascending,0.730296743,0.25
145,2,trained,34,1.2,1,0,0.6,1.4,ascending,0.730296743,0.25
145,2,trained,35,1.3,0,1,0.6,1.4,ascending,0.730296743,0.25
145,2,trained,36,1.4,0,1,0.6,1.4,ascending,0.730296743,0.25
145,2,trained,37,1.4,0,1,1.4,0.6,descending,0.779422863,0.277777778
145,2,trained,38,1.3,0,1,1.4,0.6,descending,0.779422863,0.277777778
145,2,trained,39,1.2,0,1,1.4,0.6,descending,0.779422863,0.277777778
145,2,trained,40,1.1,0,1,1.4,0.6,descending,0.779422863,0.277777778
145,2,trained,41,1,0,0,1.4,0.6,descending,0.779422863,0.277777778
145,2,trained,42,0.9,1,1,1.4,0.6,descending,0.779422863,0.277777778
145,2,trained,43,0.8,0,0,1.4,0.6,descending,0.779422863,0.277777778
145,2,trained,44,0.7,0,0,1.4,0.6,descending,0.779422863,0.277777778
145,2,trained,45,0.6,0,0,1.4,0.6,descending,0.779422863,0.277777778
145,2,trained,46,0.6,0,0,0.6,1.4,ascending,0.866025404,0.277777778
145,2,trained,47,0.7,0,0,0.6,1.4,ascending,0.866025404,0.277777778
145,2,trained,48,0.8,0,0,0.6,1.4,ascending,0.866025404,0.277777778
145,2,trained,49,0.9,0,0,0.6,1.4,ascending,0.866025404,0.277777778
145,2,trained,50,1,1,1,0.6,1.4,ascending,0.866025404,0.277777778
145,2,trained,51,1.1,0,1,0.6,1.4,ascending,0.866025404,0.277777778
145,2,trained,52,1.2,0,1,0.6,1.4,ascending,0.866025404,0.277777778
145,2,trained,53,1.3,0,1,0.6,1.4,ascending,0.866025404,0.277777778
145,2,trained,54,1.4,0,1,0.6,1.4,ascending,0.866025404,0.277777778
145,2,trained,55,1.4,0,1,1.4,0.6,descending,0.456435465,0.25
145,2,trained,56,1.3,0,1,1.4,0.6,descending,0.456435465,0.25
145,2,trained,57,1.2,0,1,1.4,0.6,descending,0.456435465,0.25
145,2,trained,58,1.1,0,1,1.4,0.6,descending,0.456435465,0.25
145,2,trained,59,1,0,0,1.4,0.6,descending,0.456435465,0.25
145,2,trained,60,0.9,1,1,1.4,0.6,descending,0.456435465,0.25
145,2,trained,61,0.8,0,0,1.4,0.6,descending,0.456435465,0.25
145,2,trained,62,0.7,0,0,1.4,0.6,descending,0.456435465,0.25
145,2,trained,63,0.6,1,1,1.4,0.6,descending,0.456435465,0.25
146,1,trained,1,0.6,1,1,0.6,1.4,ascending,0.547722558,0.25
146,1,trained,2,0.7,0,0,0.6,1.4,ascending,0.547722558,0.25
146,1,trained,3,0.8,0,0,0.6,1.4,ascending,0.547722558,0.25
146,1,trained,4,0.9,0,0,0.6,1.4,ascending,0.547722558,0.25
146,1,trained,5,1,1,1,0.6,1.4,ascending,0.547722558,0.25
146,1,trained,6,1.1,0,1,0.6,1.4,ascending,0.547722558,0.25
146,1,trained,7,1.2,0,1,0.6,1.4,ascending,0.547722558,0.25
146,1,trained,8,1.3,0,1,0.6,1.4,ascending,0.547722558,0.25
146,1,trained,9,1.4,0,1,0.6,1.4,ascending,0.547722558,0.25
146,1,trained,10,1.4,0,1,1.4,0.6,descending,0.866025404,0.277777778
146,1,trained,11,1.3,0,1,1.4,0.6,descending,0.866025404,0.277777778
146,1,trained,12,1.2,0,1,1.4,0.6,descending,0.866025404,0.277777778
146,1,trained,13,1.1,0,1,1.4,0.6,descending,0.866025404,0.277777778
146,1,trained,14,1,0,0,1.4,0.6,descending,0.866025404,0.277777778
146,1,trained,15,0.9,0,0,1.4,0.6,descending,0.866025404,0.277777778
146,1,trained,16,0.8,0,0,1.4,0.6,descending,0.866025404,0.277777778
146,1,trained,17,0.7,0,0,1.4,0.6,descending,0.866025404,0.277777778
146,1,trained,18,0.6,0,0,1.4,0.6,descending,0.866025404,0.277777778
146,1,trained,19,0.6,0,0,0.6,1.4,ascending,0.779422863,0.277777778
146,1,trained,20,0.7,0,0,0.6,1.4,ascending,0.779422863,0.277777778
146,1,trained,21,0.8,0,0,0.6,1.4,ascending,0.779422863,0.277777778
146,1,trained,22,0.9,0,0,0.6,1.4,ascending,0.779422863,0.277777778
146,1,trained,23,1,1,1,0.6,1.4,ascending,0.779422863,0.277777778
146,1,trained,24,1.1,1,0,0.6,1.4,ascending,0.779422863,0.277777778
146,1,trained,25,1.2,0,1,0.6,1.4,ascending,0.779422863,0.277777778
146,1,trained,26,1.3,0,1,0.6,1.4,ascending,0.779422863,0.277777778
146,1,trained,27,1.4,0,1,0.6,1.4,ascending,0.779422863,0.277777778
146,1,trained,28,1.4,0,1,1.4,0.6,descending,0.866025404,0.277777778
146,1,trained,29,1.3,0,1,1.4,0.6,descending,0.866025404,0.277777778
146,1,trained,30,1.2,0,1,1.4,0.6,descending,0.866025404,0.277777778
146,1,trained,31,1.1,0,1,1.4,0.6,descending,0.866025404,0.277777778
146,1,trained,32,1,1,1,1.4,0.6,descending,0.866025404,0.277777778
146,1,trained,33,0.9,0,0,1.4,0.6,descending,0.866025404,0.277777778
146,1,trained,34,0.8,0,0,1.4,0.6,descending,0.866025404,0.277777778
146,1,trained,35,0.7,0,0,1.4,0.6,descending,0.866025404,0.277777778
146,1,trained,36,0.6,0,0,1.4,0.6,descending,0.866025404,0.277777778
146,1,trained,37,0.6,0,0,0.6,1.4,ascending,0.866025404,0.277777778
146,1,trained,38,0.7,0,0,0.6,1.4,ascending,0.866025404,0.277777778
146,1,trained,39,0.8,0,0,0.6,1.4,ascending,0.866025404,0.277777778
146,1,trained,40,0.9,0,0,0.6,1.4,ascending,0.866025404,0.277777778
146,1,trained,41,1,0,0,0.6,1.4,ascending,0.866025404,0.277777778
146,1,trained,42,1.1,0,1,0.6,1.4,ascending,0.866025404,0.277777778
146,1,trained,43,1.2,0,1,0.6,1.4,ascending,0.866025404,0.277777778
146,1,trained,44,1.3,0,1,0.6,1.4,ascending,0.866025404,0.277777778
146,1,trained,45,1.4,0,1,0.6,1.4,ascending,0.866025404,0.277777778
146,1,trained,46,1.4,0,1,1.4,0.6,descending,0.821583836,0.25
146,1,trained,47,1.3,0,1,1.4,0.6,descending,0.821583836,0.25
146,1,trained,48,1.2,0,1,1.4,0.6,descending,0.821583836,0.25
146,1,trained,49,1.1,0,1,1.4,0.6,descending,0.821583836,0.25
146,1,trained,50,1,1,1,1.4,0.6,descending,0.821583836,0.25
146,1,trained,51,0.9,1,1,1.4,0.6,descending,0.821583836,0.25
146,1,trained,52,0.8,0,0,1.4,0.6,descending,0.821583836,0.25
146,1,trained,53,0.7,0,0,1.4,0.6,descending,0.821583836,0.25
146,1,trained,54,0.6,0,0,1.4,0.6,descending,0.821583836,0.25
146,1,trained,55,0.6,0,0,0.6,1.4,ascending,0.866025404,0.277777778
146,1,trained,56,0.7,0,0,0.6,1.4,ascending,0.866025404,0.277777778
146,1,trained,57,0.8,0,0,0.6,1.4,ascending,0.866025404,0.277777778
146,1,trained,58,0.9,0,0,0.6,1.4,ascending,0.866025404,0.277777778
146,1,trained,59,1,1,1,0.6,1.4,ascending,0.866025404,0.277777778
146,1,trained,60,1.1,0,1,0.6,1.4,ascending,0.866025404,0.277777778
146,1,trained,61,1.2,0,1,0.6,1.4,ascending,0.866025404,0.277777778
146,1,trained,62,1.3,0,1,0.6,1.4,ascending,0.866025404,0.277777778
146,1,trained,63,1.4,0,1,0.6,1.4,ascending,0.866025404,0.277777778
146,1,trained,64,1.4,0,1,1.4,0.6,descending,0.63900965,0.25
146,1,trained,65,1.3,0,1,1.4,0.6,descending,0.63900965,0.25
146,1,trained,66,1.2,0,1,1.4,0.6,descending,0.63900965,0.25
146,1,trained,67,1.1,0,1,1.4,0.6,descending,0.63900965,0.25
146,1,trained,68,1,0,0,1.4,0.6,descending,0.63900965,0.25
146,1,trained,69,0.9,1,1,1.4,0.6,descending,0.63900965,0.25
146,1,trained,70,0.8,1,1,1.4,0.6,descending,0.63900965,0.25
146,1,trained,71,0.7,0,0,1.4,0.6,descending,0.63900965,0.25
146,1,trained,72,0.6,0,0,1.4,0.6,descending,0.63900965,0.25
146,2,untrained,10,0.6,0,0,0.6,1.4,ascending,0.866025404,0.277777778
146,2,untrained,11,0.7,0,0,0.6,1.4,ascending,0.866025404,0.277777778
146,2,untrained,12,0.8,0,0,0.6,1.4,ascending,0.866025404,0.277777778
146,2,untrained,13,0.9,0,0,0.6,1.4,ascending,0.866025404,0.277777778
146,2,untrained,14,1,1,1,0.6,1.4,ascending,0.866025404,0.277777778
146,2,untrained,15,1.1,0,1,0.6,1.4,ascending,0.866025404,0.277777778
146,2,untrained,16,1.2,0,1,0.6,1.4,ascending,0.866025404,0.277777778
146,2,untrained,17,1.3,0,1,0.6,1.4,ascending,0.866025404,0.277777778
146,2,untrained,18,1.4,0,1,0.6,1.4,ascending,0.866025404,0.277777778
146,2,untrained,19,1.4,0,1,1.4,0.6,descending,0.866025404,0.277777778
146,2,untrained,20,1.3,0,1,1.4,0.6,descending,0.866025404,0.277777778
146,2,untrained,21,1.2,0,1,1.4,0.6,descending,0.866025404,0.277777778
146,2,untrained,22,1.1,0,1,1.4,0.6,descending,0.866025404,0.277777778
146,2,untrained,23,1,1,1,1.4,0.6,descending,0.866025404,0.277777778
146,2,untrained,24,0.9,0,0,1.4,0.6,descending,0.866025404,0.277777778
146,2,untrained,25,0.8,0,0,1.4,0.6,descending,0.866025404,0.277777778
146,2,untrained,26,0.7,0,0,1.4,0.6,descending,0.866025404,0.277777778
146,2,untrained,27,0.6,0,0,1.4,0.6,descending,0.866025404,0.277777778
146,2,untrained,28,0.6,0,0,0.6,1.4,ascending,0.779422863,0.277777778
146,2,untrained,29,0.7,0,0,0.6,1.4,ascending,0.779422863,0.277777778
146,2,untrained,30,0.8,0,0,0.6,1.4,ascending,0.779422863,0.277777778
146,2,untrained,31,0.9,1,1,0.6,1.4,ascending,0.779422863,0.277777778
146,2,untrained,32,1,0,0,0.6,1.4,ascending,0.779422863,0.277777778
146,2,untrained,33,1.1,0,1,0.6,1.4,ascending,0.779422863,0.277777778
146,2,untrained,34,1.2,0,1,0.6,1.4,ascending,0.779422863,0.277777778
146,2,untrained,35,1.3,0,1,0.6,1.4,ascending,0.779422863,0.277777778
146,2,untrained,36,1.4,0,1,0.6,1.4,ascending,0.779422863,0.277777778
146,2,untrained,37,1.4,0,1,1.4,0.6,descending,0.547722558,0.111111111
146,2,untrained,38,1.3,0,1,1.4,0.6,descending,0.547722558,0.111111111
146,2,untrained,39,1.2,0,1,1.4,0.6,descending,0.547722558,0.111111111
146,2,untrained,40,1.1,0,1,1.4,0.6,descending,0.547722558,0.111111111
146,2,untrained,41,1,1,1,1.4,0.6,descending,0.547722558,0.111111111
146,2,untrained,42,0.9,1,1,1.4,0.6,descending,0.547722558,0.111111111
146,2,untrained,43,0.8,1,1,1.4,0.6,descending,0.547722558,0.111111111
146,2,untrained,44,0.7,1,1,1.4,0.6,descending,0.547722558,0.111111111
146,2,untrained,45,0.6,0,0,1.4,0.6,descending,0.547722558,0.111111111
146,2,untrained,46,0.6,0,0,0.6,1.4,ascending,0.866025404,0.277777778
146,2,untrained,47,0.7,0,0,0.6,1.4,ascending,0.866025404,0.277777778
146,2,untrained,48,0.8,0,0,0.6,1.4,ascending,0.866025404,0.277777778
146,2,untrained,49,0.9,0,0,0.6,1.4,ascending,0.866025404,0.277777778
146,2,untrained,50,1,1,1,0.6,1.4,ascending,0.866025404,0.277777778
146,2,untrained,51,1.1,0,1,0.6,1.4,ascending,0.866025404,0.277777778
146,2,untrained,52,1.2,0,1,0.6,1.4,ascending,0.866025404,0.277777778
146,2,untrained,53,1.3,0,1,0.6,1.4,ascending,0.866025404,0.277777778
146,2,untrained,54,1.4,0,1,0.6,1.4,ascending,0.866025404,0.277777778
146,2,untrained,55,1.4,0,1,1.4,0.6,descending,0.724568837,0.194444444
146,2,untrained,56,1.3,0,1,1.4,0.6,descending,0.724568837,0.194444444
146,2,untrained,57,1.2,0,1,1.4,0.6,descending,0.724568837,0.194444444
146,2,untrained,58,1.1,0,1,1.4,0.6,descending,0.724568837,0.194444444
146,2,untrained,59,1,1,1,1.4,0.6,descending,0.724568837,0.194444444
146,2,untrained,60,0.9,1,1,1.4,0.6,descending,0.724568837,0.194444444
146,2,untrained,61,0.8,1,1,1.4,0.6,descending,0.724568837,0.194444444
146,2,untrained,62,0.7,0,0,1.4,0.6,descending,0.724568837,0.194444444
146,2,untrained,63,0.6,0,0,1.4,0.6,descending,0.724568837,0.194444444
146,2,untrained,64,0.6,0,0,0.6,1.4,ascending,0.866025404,0.277777778
146,2,untrained,65,0.7,0,0,0.6,1.4,ascending,0.866025404,0.277777778
146,2,untrained,66,0.8,0,0,0.6,1.4,ascending,0.866025404,0.277777778
146,2,untrained,67,0.9,0,0,0.6,1.4,ascending,0.866025404,0.277777778
146,2,untrained,68,1,1,1,0.6,1.4,ascending,0.866025404,0.277777778
146,2,untrained,69,1.1,0,1,0.6,1.4,ascending,0.866025404,0.277777778
146,2,untrained,70,1.2,0,1,0.6,1.4,ascending,0.866025404,0.277777778
146,2,untrained,71,1.3,0,1,0.6,1.4,ascending,0.866025404,0.277777778
146,2,untrained,72,1.4,0,1,0.6,1.4,ascending,0.866025404,0.277777778
147,1,untrained,1,0.6,0,0,0.6,1.4,ascending,0.692820323,0.277777778
147,1,untrained,2,0.7,0,0,0.6,1.4,ascending,0.692820323,0.277777778
147,1,untrained,3,0.8,1,1,0.6,1.4,ascending,0.692820323,0.277777778
147,1,untrained,4,0.9,0,0,0.6,1.4,ascending,0.692820323,0.277777778
147,1,untrained,5,1,0,0,0.6,1.4,ascending,0.692820323,0.277777778
147,1,untrained,6,1.1,0,1,0.6,1.4,ascending,0.692820323,0.277777778
147,1,untrained,7,1.2,0,1,0.6,1.4,ascending,0.692820323,0.277777778
147,1,untrained,8,1.3,0,1,0.6,1.4,ascending,0.692820323,0.277777778
147,1,untrained,9,1.4,0,1,0.6,1.4,ascending,0.692820323,0.277777778
147,1,untrained,19,0.6,0,0,0.6,1.4,ascending,0.456435465,0.25
147,1,untrained,20,0.7,1,1,0.6,1.4,ascending,0.456435465,0.25
147,1,untrained,21,0.8,1,1,0.6,1.4,ascending,0.456435465,0.25
147,1,untrained,22,0.9,0,0,0.6,1.4,ascending,0.456435465,0.25
147,1,untrained,23,1,0,0,0.6,1.4,ascending,0.456435465,0.25
147,1,untrained,24,1.1,0,1,0.6,1.4,ascending,0.456435465,0.25
147,1,untrained,25,1.2,0,1,0.6,1.4,ascending,0.456435465,0.25
147,1,untrained,26,1.3,0,1,0.6,1.4,ascending,0.456435465,0.25
147,1,untrained,27,1.4,0,1,0.6,1.4,ascending,0.456435465,0.25
147,2,trained,1,1.4,0,1,1.4,0.6,descending,0.606217783,0.277777778
147,2,trained,2,1.3,0,1,1.4,0.6,descending,0.606217783,0.277777778
147,2,trained,3,1.2,0,1,1.4,0.6,descending,0.606217783,0.277777778
147,2,trained,4,1.1,0,1,1.4,0.6,descending,0.606217783,0.277777778
147,2,trained,5,1,0,0,1.4,0.6,descending,0.606217783,0.277777778
147,2,trained,6,0.9,0,0,1.4,0.6,descending,0.606217783,0.277777778
147,2,trained,7,0.8,0,0,1.4,0.6,descending,0.606217783,0.277777778
147,2,trained,8,0.7,1,1,1.4,0.6,descending,0.606217783,0.277777778
147,2,trained,9,0.6,0,0,1.4,0.6,descending,0.606217783,0.277777778
147,2,trained,10,0.6,0,0,0.6,1.4,ascending,0.606217783,0.277777778
147,2,trained,11,0.7,0,0,0.6,1.4,ascending,0.606217783,0.277777778
147,2,trained,12,0.8,1,1,0.6,1.4,ascending,0.606217783,0.277777778
147,2,trained,13,0.9,0,0,0.6,1.4,ascending,0.606217783,0.277777778
147,2,trained,14,1,0,0,0.6,1.4,ascending,0.606217783,0.277777778
147,2,trained,15,1.1,1,0,0.6,1.4,ascending,0.606217783,0.277777778
147,2,trained,16,1.2,0,1,0.6,1.4,ascending,0.606217783,0.277777778
147,2,trained,17,1.3,0,1,0.6,1.4,ascending,0.606217783,0.277777778
147,2,trained,18,1.4,0,1,0.6,1.4,ascending,0.606217783,0.277777778
147,2,trained,19,1.4,0,1,1.4,0.6,descending,0.724568837,0.194444444
147,2,trained,20,1.3,0,1,1.4,0.6,descending,0.724568837,0.194444444
147,2,trained,21,1.2,0,1,1.4,0.6,descending,0.724568837,0.194444444
147,2,trained,22,1.1,0,1,1.4,0.6,descending,0.724568837,0.194444444
147,2,trained,23,1,1,1,1.4,0.6,descending,0.724568837,0.194444444
147,2,trained,24,0.9,1,1,1.4,0.6,descending,0.724568837,0.194444444
147,2,trained,25,0.8,1,1,1.4,0.6,descending,0.724568837,0.194444444
147,2,trained,26,0.7,0,0,1.4,0.6,descending,0.724568837,0.194444444
147,2,trained,27,0.6,0,0,1.4,0.6,descending,0.724568837,0.194444444
147,2,trained,37,1.4,0,1,1.4,0.6,descending,0.456435465,0.25
147,2,trained,38,1.3,0,1,1.4,0.6,descending,0.456435465,0.25
147,2,trained,39,1.2,0,1,1.4,0.6,descending,0.456435465,0.25
147,2,trained,40,1.1,0,1,1.4,0.6,descending,0.456435465,0.25
147,2,trained,41,1,0,0,1.4,0.6,descending,0.456435465,0.25
147,2,trained,42,0.9,0,0,1.4,0.6,descending,0.456435465,0.25
147,2,trained,43,0.8,1,1,1.4,0.6,descending,0.456435465,0.25
147,2,trained,44,0.7,1,1,1.4,0.6,descending,0.456435465,0.25
147,2,trained,45,0.6,0,0,1.4,0.6,descending,0.456435465,0.25
147,2,trained,46,0.6,0,0,0.6,1.4,ascending,0.779422863,0.277777778
147,2,trained,47,0.7,0,0,0.6,1.4,ascending,0.779422863,0.277777778
147,2,trained,48,0.8,0,0,0.6,1.4,ascending,0.779422863,0.277777778
147,2,trained,49,0.9,0,0,0.6,1.4,ascending,0.779422863,0.277777778
147,2,trained,50,1,1,1,0.6,1.4,ascending,0.779422863,0.277777778
147,2,trained,51,1.1,1,0,0.6,1.4,ascending,0.779422863,0.277777778
147,2,trained,52,1.2,0,1,0.6,1.4,ascending,0.779422863,0.277777778
147,2,trained,53,1.3,0,1,0.6,1.4,ascending,0.779422863,0.277777778
147,2,trained,54,1.4,0,1,0.6,1.4,ascending,0.779422863,0.277777778
147,2,trained,55,1.4,0,1,1.4,0.6,descending,0.519615242,0.277777778
147,2,trained,56,1.3,0,1,1.4,0.6,descending,0.519615242,0.277777778
147,2,trained,57,1.2,0,1,1.4,0.6,descending,0.519615242,0.277777778
147,2,trained,58,1.1,0,1,1.4,0.6,descending,0.519615242,0.277777778
147,2,trained,59,1,0,0,1.4,0.6,descending,0.519615242,0.277777778
147,2,trained,60,0.9,0,0,1.4,0.6,descending,0.519615242,0.277777778
147,2,trained,61,0.8,0,0,1.4,0.6,descending,0.519615242,0.277777778
147,2,trained,62,0.7,0,0,1.4,0.6,descending,0.519615242,0.277777778
147,2,trained,63,0.6,1,1,1.4,0.6,descending,0.519615242,0.277777778
147,2,trained,64,0.6,0,0,0.6,1.4,ascending,0.866025404,0.277777778
147,2,trained,65,0.7,0,0,0.6,1.4,ascending,0.866025404,0.277777778
147,2,trained,66,0.8,0,0,0.6,1.4,ascending,0.866025404,0.277777778
147,2,trained,67,0.9,0,0,0.6,1.4,ascending,0.866025404,0.277777778
147,2,trained,68,1,1,1,0.6,1.4,ascending,0.866025404,0.277777778
147,2,trained,69,1.1,0,1,0.6,1.4,ascending,0.866025404,0.277777778
147,2,trained,70,1.2,0,1,0.6,1.4,ascending,0.866025404,0.277777778
147,2,trained,71,1.3,0,1,0.6,1.4,ascending,0.866025404,0.277777778
147,2,trained,72,1.4,0,1,0.6,1.4,ascending,0.866025404,0.277777778
148,1,trained,1,0.6,0,0,0.6,1.4,ascending,0.866025404,0.277777778
148,1,trained,2,0.7,0,0,0.6,1.4,ascending,0.866025404,0.277777778
148,1,trained,3,0.8,0,0,0.6,1.4,ascending,0.866025404,0.277777778
148,1,trained,4,0.9,0,0,0.6,1.4,ascending,0.866025404,0.277777778
148,1,trained,5,1,1,1,0.6,1.4,ascending,0.866025404,0.277777778
148,1,trained,6,1.1,0,1,0.6,1.4,ascending,0.866025404,0.277777778
148,1,trained,7,1.2,0,1,0.6,1.4,ascending,0.866025404,0.277777778
148,1,trained,8,1.3,0,1,0.6,1.4,ascending,0.866025404,0.277777778
148,1,trained,9,1.4,0,1,0.6,1.4,ascending,0.866025404,0.277777778
148,1,trained,10,1.4,0,1,1.4,0.6,descending,0.724568837,0.194444444
148,1,trained,11,1.3,0,1,1.4,0.6,descending,0.724568837,0.194444444
148,1,trained,12,1.2,1,0,1.4,0.6,descending,0.724568837,0.194444444
148,1,trained,13,1.1,1,0,1.4,0.6,descending,0.724568837,0.194444444
148,1,trained,14,1,0,0,1.4,0.6,descending,0.724568837,0.194444444
148,1,trained,15,0.9,0,0,1.4,0.6,descending,0.724568837,0.194444444
148,1,trained,16,0.8,0,0,1.4,0.6,descending,0.724568837,0.194444444
148,1,trained,17,0.7,0,0,1.4,0.6,descending,0.724568837,0.194444444
148,1,trained,18,0.6,0,0,1.4,0.6,descending,0.724568837,0.194444444
148,1,trained,19,0.6,0,0,0.6,1.4,ascending,0.866025404,0.277777778
148,1,trained,20,0.7,0,0,0.6,1.4,ascending,0.866025404,0.277777778
148,1,trained,21,0.8,0,0,0.6,1.4,ascending,0.866025404,0.277777778
148,1,trained,22,0.9,0,0,0.6,1.4,ascending,0.866025404,0.277777778
148,1,trained,23,1,0,0,0.6,1.4,ascending,0.866025404,0.277777778
148,1,trained,24,1.1,0,1,0.6,1.4,ascending,0.866025404,0.277777778
148,1,trained,25,1.2,0,1,0.6,1.4,ascending,0.866025404,0.277777778
148,1,trained,26,1.3,0,1,0.6,1.4,ascending,0.866025404,0.277777778
148,1,trained,27,1.4,0,1,0.6,1.4,ascending,0.866025404,0.277777778
148,1,trained,28,1.4,0,1,1.4,0.6,descending,0.866025404,0.277777778
148,1,trained,29,1.3,0,1,1.4,0.6,descending,0.866025404,0.277777778
148,1,trained,30,1.2,0,1,1.4,0.6,descending,0.866025404,0.277777778
148,1,trained,31,1.1,0,1,1.4,0.6,descending,0.866025404,0.277777778
148,1,trained,32,1,0,0,1.4,0.6,descending,0.866025404,0.277777778
148,1,trained,33,0.9,0,0,1.4,0.6,descending,0.866025404,0.277777778
148,1,trained,34,0.8,0,0,1.4,0.6,descending,0.866025404,0.277777778
148,1,trained,35,0.7,0,0,1.4,0.6,descending,0.866025404,0.277777778
148,1,trained,36,0.6,0,0,1.4,0.6,descending,0.866025404,0.277777778
148,1,trained,37,0.6,0,0,0.6,1.4,ascending,0.866025404,0.277777778
148,1,trained,38,0.7,0,0,0.6,1.4,ascending,0.866025404,0.277777778
148,1,trained,39,0.8,0,0,0.6,1.4,ascending,0.866025404,0.277777778
148,1,trained,40,0.9,0,0,0.6,1.4,ascending,0.866025404,0.277777778
148,1,trained,41,1,1,1,0.6,1.4,ascending,0.866025404,0.277777778
148,1,trained,42,1.1,0,1,0.6,1.4,ascending,0.866025404,0.277777778
148,1,trained,43,1.2,0,1,0.6,1.4,ascending,0.866025404,0.277777778
148,1,trained,44,1.3,0,1,0.6,1.4,ascending,0.866025404,0.277777778
148,1,trained,45,1.4,0,1,0.6,1.4,ascending,0.866025404,0.277777778
148,1,trained,46,1.4,0,1,1.4,0.6,descending,0.51754917,0.194444444
148,1,trained,47,1.3,0,1,1.4,0.6,descending,0.51754917,0.194444444
148,1,trained,48,1.2,0,1,1.4,0.6,descending,0.51754917,0.194444444
148,1,trained,49,1.1,0,1,1.4,0.6,descending,0.51754917,0.194444444
148,1,trained,50,1,1,1,1.4,0.6,descending,0.51754917,0.194444444
148,1,trained,51,0.9,1,1,1.4,0.6,descending,0.51754917,0.194444444
148,1,trained,52,0.8,0,0,1.4,0.6,descending,0.51754917,0.194444444
148,1,trained,53,0.7,0,0,1.4,0.6,descending,0.51754917,0.194444444
148,1,trained,54,0.6,1,1,1.4,0.6,descending,0.51754917,0.194444444
148,1,trained,55,0.6,1,1,0.6,1.4,ascending,0.547722558,0.25
148,1,trained,56,0.7,0,0,0.6,1.4,ascending,0.547722558,0.25
148,1,trained,57,0.8,0,0,0.6,1.4,ascending,0.547722558,0.25
148,1,trained,58,0.9,0,0,0.6,1.4,ascending,0.547722558,0.25
148,1,trained,59,1,1,1,0.6,1.4,ascending,0.547722558,0.25
148,1,trained,60,1.1,0,1,0.6,1.4,ascending,0.547722558,0.25
148,1,trained,61,1.2,0,1,0.6,1.4,ascending,0.547722558,0.25
148,1,trained,62,1.3,0,1,0.6,1.4,ascending,0.547722558,0.25
148,1,trained,63,1.4,0,1,0.6,1.4,ascending,0.547722558,0.25
148,1,trained,64,1.4,0,1,1.4,0.6,descending,0.547722558,0.111111111
148,1,trained,65,1.3,0,1,1.4,0.6,descending,0.547722558,0.111111111
148,1,trained,66,1.2,0,1,1.4,0.6,descending,0.547722558,0.111111111
148,1,trained,67,1.1,0,1,1.4,0.6,descending,0.547722558,0.111111111
148,1,trained,68,1,1,1,1.4,0.6,descending,0.547722558,0.111111111
148,1,trained,69,0.9,1,1,1.4,0.6,descending,0.547722558,0.111111111
148,1,trained,70,0.8,1,1,1.4,0.6,descending,0.547722558,0.111111111
148,1,trained,71,0.7,1,1,1.4,0.6,descending,0.547722558,0.111111111
148,1,trained,72,0.6,0,0,1.4,0.6,descending,0.547722558,0.111111111
148,2,untrained,10,0.6,0,0,0.6,1.4,ascending,0.779422863,0.277777778
148,2,untrained,11,0.7,0,0,0.6,1.4,ascending,0.779422863,0.277777778
148,2,untrained,12,0.8,0,0,0.6,1.4,ascending,0.779422863,0.277777778
148,2,untrained,13,0.9,1,1,0.6,1.4,ascending,0.779422863,0.277777778
148,2,untrained,14,1,0,0,0.6,1.4,ascending,0.779422863,0.277777778
148,2,untrained,15,1.1,0,1,0.6,1.4,ascending,0.779422863,0.277777778
148,2,untrained,16,1.2,0,1,0.6,1.4,ascending,0.779422863,0.277777778
148,2,untrained,17,1.3,0,1,0.6,1.4,ascending,0.779422863,0.277777778
148,2,untrained,18,1.4,0,1,0.6,1.4,ascending,0.779422863,0.277777778
148,2,untrained,19,1.4,0,1,1.4,0.6,descending,0.724568837,0.194444444
148,2,untrained,20,1.3,0,1,1.4,0.6,descending,0.724568837,0.194444444
148,2,untrained,21,1.2,1,0,1.4,0.6,descending,0.724568837,0.194444444
148,2,untrained,22,1.1,1,0,1.4,0.6,descending,0.724568837,0.194444444
148,2,untrained,23,1,0,0,1.4,0.6,descending,0.724568837,0.194444444
148,2,untrained,24,0.9,0,0,1.4,0.6,descending,0.724568837,0.194444444
148,2,untrained,25,0.8,0,0,1.4,0.6,descending,0.724568837,0.194444444
148,2,untrained,26,0.7,0,0,1.4,0.6,descending,0.724568837,0.194444444
148,2,untrained,27,0.6,0,0,1.4,0.6,descending,0.724568837,0.194444444
148,2,untrained,28,0.6,0,0,0.6,1.4,ascending,0.866025404,0.277777778
148,2,untrained,29,0.7,0,0,0.6,1.4,ascending,0.866025404,0.277777778
148,2,untrained,30,0.8,0,0,0.6,1.4,ascending,0.866025404,0.277777778
148,2,untrained,31,0.9,0,0,0.6,1.4,ascending,0.866025404,0.277777778
148,2,untrained,32,1,0,0,0.6,1.4,ascending,0.866025404,0.277777778
148,2,untrained,33,1.1,0,1,0.6,1.4,ascending,0.866025404,0.277777778
148,2,untrained,34,1.2,0,1,0.6,1.4,ascending,0.866025404,0.277777778
148,2,untrained,35,1.3,0,1,0.6,1.4,ascending,0.866025404,0.277777778
148,2,untrained,36,1.4,0,1,0.6,1.4,ascending,0.866025404,0.277777778
148,2,untrained,37,1.4,0,1,1.4,0.6,descending,0.866025404,0.277777778
148,2,untrained,38,1.3,0,1,1.4,0.6,descending,0.866025404,0.277777778
148,2,untrained,39,1.2,0,1,1.4,0.6,descending,0.866025404,0.277777778
148,2,untrained,40,1.1,0,1,1.4,0.6,descending,0.866025404,0.277777778
148,2,untrained,41,1,1,1,1.4,0.6,descending,0.866025404,0.277777778
148,2,untrained,42,0.9,0,0,1.4,0.6,descending,0.866025404,0.277777778
148,2,untrained,43,0.8,0,0,1.4,0.6,descending,0.866025404,0.277777778
148,2,untrained,44,0.7,0,0,1.4,0.6,descending,0.866025404,0.277777778
148,2,untrained,45,0.6,0,0,1.4,0.6,descending,0.866025404,0.277777778
148,2,untrained,46,0.6,0,0,0.6,1.4,ascending,0.779422863,0.277777778
148,2,untrained,47,0.7,0,0,0.6,1.4,ascending,0.779422863,0.277777778
148,2,untrained,48,0.8,0,0,0.6,1.4,ascending,0.779422863,0.277777778
148,2,untrained,49,0.9,0,0,0.6,1.4,ascending,0.779422863,0.277777778
148,2,untrained,50,1,1,1,0.6,1.4,ascending,0.779422863,0.277777778
148,2,untrained,51,1.1,1,0,0.6,1.4,ascending,0.779422863,0.277777778
148,2,untrained,52,1.2,0,1,0.6,1.4,ascending,0.779422863,0.277777778
148,2,untrained,53,1.3,0,1,0.6,1.4,ascending,0.779422863,0.277777778
148,2,untrained,54,1.4,0,1,0.6,1.4,ascending,0.779422863,0.277777778
148,2,untrained,55,1.4,0,1,1.4,0.6,descending,0.821583836,0.25
148,2,untrained,56,1.3,0,1,1.4,0.6,descending,0.821583836,0.25
148,2,untrained,57,1.2,0,1,1.4,0.6,descending,0.821583836,0.25
148,2,untrained,58,1.1,1,0,1.4,0.6,descending,0.821583836,0.25
148,2,untrained,59,1,0,0,1.4,0.6,descending,0.821583836,0.25
148,2,untrained,60,0.9,0,0,1.4,0.6,descending,0.821583836,0.25
148,2,untrained,61,0.8,0,0,1.4,0.6,descending,0.821583836,0.25
148,2,untrained,62,0.7,0,0,1.4,0.6,descending,0.821583836,0.25
148,2,untrained,63,0.6,0,0,1.4,0.6,descending,0.821583836,0.25
148,2,untrained,64,0.6,0,0,0.6,1.4,ascending,0.866025404,0.277777778
148,2,untrained,65,0.7,0,0,0.6,1.4,ascending,0.866025404,0.277777778
148,2,untrained,66,0.8,0,0,0.6,1.4,ascending,0.866025404,0.277777778
148,2,untrained,67,0.9,0,0,0.6,1.4,ascending,0.866025404,0.277777778
148,2,untrained,68,1,0,0,0.6,1.4,ascending,0.866025404,0.277777778
148,2,untrained,69,1.1,0,1,0.6,1.4,ascending,0.866025404,0.277777778
148,2,untrained,70,1.2,0,1,0.6,1.4,ascending,0.866025404,0.277777778
148,2,untrained,71,1.3,0,1,0.6,1.4,ascending,0.866025404,0.277777778
148,2,untrained,72,1.4,0,1,0.6,1.4,ascending,0.866025404,0.277777778
149,1,untrained,1,0.6,1,1,0.6,1.4,ascending,0.519615242,0.277777778
149,1,untrained,2,0.7,0,0,0.6,1.4,ascending,0.519615242,0.277777778
149,1,untrained,3,0.8,0,0,0.6,1.4,ascending,0.519615242,0.277777778
149,1,untrained,4,0.9,0,0,0.6,1.4,ascending,0.519615242,0.277777778
149,1,untrained,5,1,0,0,0.6,1.4,ascending,0.519615242,0.277777778
149,1,untrained,6,1.1,0,1,0.6,1.4,ascending,0.519615242,0.277777778
149,1,untrained,7,1.2,0,1,0.6,1.4,ascending,0.519615242,0.277777778
149,1,untrained,8,1.3,0,1,0.6,1.4,ascending,0.519615242,0.277777778
149,1,untrained,9,1.4,0,1,0.6,1.4,ascending,0.519615242,0.277777778
149,1,untrained,10,1.4,0,1,1.4,0.6,descending,0.621059003,0.194444444
149,1,untrained,11,1.3,1,0,1.4,0.6,descending,0.621059003,0.194444444
149,1,untrained,12,1.2,0,1,1.4,0.6,descending,0.621059003,0.194444444
149,1,untrained,13,1.1,1,0,1.4,0.6,descending,0.621059003,0.194444444
149,1,untrained,14,1,0,0,1.4,0.6,descending,0.621059003,0.194444444
149,1,untrained,15,0.9,0,0,1.4,0.6,descending,0.621059003,0.194444444
149,1,untrained,16,0.8,0,0,1.4,0.6,descending,0.621059003,0.194444444
149,1,untrained,17,0.7,0,0,1.4,0.6,descending,0.621059003,0.194444444
149,1,untrained,18,0.6,0,0,1.4,0.6,descending,0.621059003,0.194444444
149,1,untrained,28,1.4,0,1,1.4,0.6,descending,0.821583836,0.25
149,1,untrained,29,1.3,0,1,1.4,0.6,descending,0.821583836,0.25
149,1,untrained,30,1.2,0,1,1.4,0.6,descending,0.821583836,0.25
149,1,untrained,31,1.1,1,0,1.4,0.6,descending,0.821583836,0.25
149,1,untrained,32,1,0,0,1.4,0.6,descending,0.821583836,0.25
149,1,untrained,33,0.9,0,0,1.4,0.6,descending,0.821583836,0.25
149,1,untrained,34,0.8,0,0,1.4,0.6,descending,0.821583836,0.25
149,1,untrained,35,0.7,0,0,1.4,0.6,descending,0.821583836,0.25
149,1,untrained,36,0.6,0,0,1.4,0.6,descending,0.821583836,0.25
149,1,untrained,37,0.6,0,0,0.6,1.4,ascending,0.866025404,0.277777778
149,1,untrained,38,0.7,0,0,0.6,1.4,ascending,0.866025404,0.277777778
149,1,untrained,39,0.8,0,0,0.6,1.4,ascending,0.866025404,0.277777778
149,1,untrained,40,0.9,0,0,0.6,1.4,ascending,0.866025404,0.277777778
149,1,untrained,41,1,1,1,0.6,1.4,ascending,0.866025404,0.277777778
149,1,untrained,42,1.1,0,1,0.6,1.4,ascending,0.866025404,0.277777778
149,1,untrained,43,1.2,0,1,0.6,1.4,ascending,0.866025404,0.277777778
149,1,untrained,44,1.3,0,1,0.6,1.4,ascending,0.866025404,0.277777778
149,1,untrained,45,1.4,0,1,0.6,1.4,ascending,0.866025404,0.277777778
149,1,untrained,46,1.4,0,1,1.4,0.6,descending,0.606217783,0.277777778
149,1,untrained,47,1.3,0,1,1.4,0.6,descending,0.606217783,0.277777778
149,1,untrained,48,1.2,0,1,1.4,0.6,descending,0.606217783,0.277777778
149,1,untrained,49,1.1,0,1,1.4,0.6,descending,0.606217783,0.277777778
149,1,untrained,50,1,0,0,1.4,0.6,descending,0.606217783,0.277777778
149,1,untrained,51,0.9,0,0,1.4,0.6,descending,0.606217783,0.277777778
149,1,untrained,52,0.8,0,0,1.4,0.6,descending,0.606217783,0.277777778
149,1,untrained,53,0.7,1,1,1.4,0.6,descending,0.606217783,0.277777778
149,1,untrained,54,0.6,0,0,1.4,0.6,descending,0.606217783,0.277777778
149,1,untrained,64,1.4,0,1,1.4,0.6,descending,0.621059003,0.194444444
149,1,untrained,65,1.3,1,0,1.4,0.6,descending,0.621059003,0.194444444
149,1,untrained,66,1.2,0,1,1.4,0.6,descending,0.621059003,0.194444444
149,1,untrained,67,1.1,1,0,1.4,0.6,descending,0.621059003,0.194444444
149,1,untrained,68,1,0,0,1.4,0.6,descending,0.621059003,0.194444444
149,1,untrained,69,0.9,0,0,1.4,0.6,descending,0.621059003,0.194444444
149,1,untrained,70,0.8,0,0,1.4,0.6,descending,0.621059003,0.194444444
149,1,untrained,71,0.7,0,0,1.4,0.6,descending,0.621059003,0.194444444
149,1,untrained,72,0.6,0,0,1.4,0.6,descending,0.621059003,0.194444444
149,2,trained,1,1.4,1,0,1.4,0.6,descending,0.519615242,0.277777778
149,2,trained,2,1.3,0,1,1.4,0.6,descending,0.519615242,0.277777778
149,2,trained,3,1.2,0,1,1.4,0.6,descending,0.519615242,0.277777778
149,2,trained,4,1.1,0,1,1.4,0.6,descending,0.519615242,0.277777778
149,2,trained,5,1,1,1,1.4,0.6,descending,0.519615242,0.277777778
149,2,trained,6,0.9,0,0,1.4,0.6,descending,0.519615242,0.277777778
149,2,trained,7,0.8,0,0,1.4,0.6,descending,0.519615242,0.277777778
149,2,trained,8,0.7,0,0,1.4,0.6,descending,0.519615242,0.277777778
149,2,trained,9,0.6,0,0,1.4,0.6,descending,0.519615242,0.277777778
149,2,trained,10,0.6,0,0,0.6,1.4,ascending,0.821583836,0.25
149,2,trained,11,0.7,0,0,0.6,1.4,ascending,0.821583836,0.25
149,2,trained,12,0.8,0,0,0.6,1.4,ascending,0.821583836,0.25
149,2,trained,13,0.9,0,0,0.6,1.4,ascending,0.821583836,0.25
149,2,trained,14,1,0,0,0.6,1.4,ascending,0.821583836,0.25
149,2,trained,15,1.1,1,0,0.6,1.4,ascending,0.821583836,0.25
149,2,trained,16,1.2,0,1,0.6,1.4,ascending,0.821583836,0.25
149,2,trained,17,1.3,0,1,0.6,1.4,ascending,0.821583836,0.25
149,2,trained,18,1.4,0,1,0.6,1.4,ascending,0.821583836,0.25
149,2,trained,28,0.6,0,0,0.6,1.4,ascending,0.821583836,0.25
149,2,trained,29,0.7,0,0,0.6,1.4,ascending,0.821583836,0.25
149,2,trained,30,0.8,0,0,0.6,1.4,ascending,0.821583836,0.25
149,2,trained,31,0.9,0,0,0.6,1.4,ascending,0.821583836,0.25
149,2,trained,32,1,0,0,0.6,1.4,ascending,0.821583836,0.25
149,2,trained,33,1.1,1,0,0.6,1.4,ascending,0.821583836,0.25
149,2,trained,34,1.2,0,1,0.6,1.4,ascending,0.821583836,0.25
149,2,trained,35,1.3,0,1,0.6,1.4,ascending,0.821583836,0.25
149,2,trained,36,1.4,0,1,0.6,1.4,ascending,0.821583836,0.25
149,2,trained,37,1.4,0,1,1.4,0.6,descending,0.821583836,0.25
149,2,trained,38,1.3,0,1,1.4,0.6,descending,0.821583836,0.25
149,2,trained,39,1.2,0,1,1.4,0.6,descending,0.821583836,0.25
149,2,trained,40,1.1,1,0,1.4,0.6,descending,0.821583836,0.25
149,2,trained,41,1,0,0,1.4,0.6,descending,0.821583836,0.25
149,2,trained,42,0.9,0,0,1.4,0.6,descending,0.821583836,0.25
149,2,trained,43,0.8,0,0,1.4,0.6,descending,0.821583836,0.25
149,2,trained,44,0.7,0,0,1.4,0.6,descending,0.821583836,0.25
149,2,trained,45,0.6,0,0,1.4,0.6,descending,0.821583836,0.25
149,2,trained,46,0.6,0,0,0.6,1.4,ascending,0.821583836,0.25
149,2,trained,47,0.7,0,0,0.6,1.4,ascending,0.821583836,0.25
149,2,trained,48,0.8,0,0,0.6,1.4,ascending,0.821583836,0.25
149,2,trained,49,0.9,0,0,0.6,1.4,ascending,0.821583836,0.25
149,2,trained,50,1,0,0,0.6,1.4,ascending,0.821583836,0.25
149,2,trained,51,1.1,1,0,0.6,1.4,ascending,0.821583836,0.25
149,2,trained,52,1.2,0,1,0.6,1.4,ascending,0.821583836,0.25
149,2,trained,53,1.3,0,1,0.6,1.4,ascending,0.821583836,0.25
149,2,trained,54,1.4,0,1,0.6,1.4,ascending,0.821583836,0.25
149,2,trained,55,1.4,0,1,1.4,0.6,descending,0.821583836,0.25
149,2,trained,56,1.3,0,1,1.4,0.6,descending,0.821583836,0.25
149,2,trained,57,1.2,0,1,1.4,0.6,descending,0.821583836,0.25
149,2,trained,58,1.1,1,0,1.4,0.6,descending,0.821583836,0.25
149,2,trained,59,1,0,0,1.4,0.6,descending,0.821583836,0.25
149,2,trained,60,0.9,0,0,1.4,0.6,descending,0.821583836,0.25
149,2,trained,61,0.8,0,0,1.4,0.6,descending,0.821583836,0.25
149,2,trained,62,0.7,0,0,1.4,0.6,descending,0.821583836,0.25
149,2,trained,63,0.6,0,0,1.4,0.6,descending,0.821583836,0.25
149,2,trained,64,0.6,0,0,0.6,1.4,ascending,0.821583836,0.25
149,2,trained,65,0.7,0,0,0.6,1.4,ascending,0.821583836,0.25
149,2,trained,66,0.8,0,0,0.6,1.4,ascending,0.821583836,0.25
149,2,trained,67,0.9,0,0,0.6,1.4,ascending,0.821583836,0.25
149,2,trained,68,1,0,0,0.6,1.4,ascending,0.821583836,0.25
149,2,trained,69,1.1,1,0,0.6,1.4,ascending,0.821583836,0.25
149,2,trained,70,1.2,0,1,0.6,1.4,ascending,0.821583836,0.25
149,2,trained,71,1.3,0,1,0.6,1.4,ascending,0.821583836,0.25
149,2,trained,72,1.4,0,1,0.6,1.4,ascending,0.821583836,0.25
150,1,trained,1,0.6,0,0,0.6,1.4,ascending,0.547722558,0.111111111
150,1,trained,2,0.7,1,1,0.6,1.4,ascending,0.547722558,0.111111111
150,1,trained,3,0.8,1,1,0.6,1.4,ascending,0.547722558,0.111111111
150,1,trained,4,0.9,1,1,0.6,1.4,ascending,0.547722558,0.111111111
150,1,trained,5,1,1,1,0.6,1.4,ascending,0.547722558,0.111111111
150,1,trained,6,1.1,0,1,0.6,1.4,ascending,0.547722558,0.111111111
150,1,trained,7,1.2,0,1,0.6,1.4,ascending,0.547722558,0.111111111
150,1,trained,8,1.3,0,1,0.6,1.4,ascending,0.547722558,0.111111111
150,1,trained,9,1.4,0,1,0.6,1.4,ascending,0.547722558,0.111111111
150,2,untrained,1,1.4,0,1,1.4,0.6,descending,0.51754917,0.194444444
150,2,untrained,2,1.3,0,1,1.4,0.6,descending,0.51754917,0.194444444
150,2,untrained,3,1.2,0,1,1.4,0.6,descending,0.51754917,0.194444444
150,2,untrained,4,1.1,0,1,1.4,0.6,descending,0.51754917,0.194444444
150,2,untrained,5,1,1,1,1.4,0.6,descending,0.51754917,0.194444444
150,2,untrained,6,0.9,0,0,1.4,0.6,descending,0.51754917,0.194444444
150,2,untrained,7,0.8,1,1,1.4,0.6,descending,0.51754917,0.194444444
150,2,untrained,8,0.7,1,1,1.4,0.6,descending,0.51754917,0.194444444
150,2,untrained,9,0.6,0,0,1.4,0.6,descending,0.51754917,0.194444444
150,2,untrained,10,0.6,0,0,0.6,1.4,ascending,0.821583836,0.25
150,2,untrained,11,0.7,0,0,0.6,1.4,ascending,0.821583836,0.25
150,2,untrained,12,0.8,0,0,0.6,1.4,ascending,0.821583836,0.25
150,2,untrained,13,0.9,1,1,0.6,1.4,ascending,0.821583836,0.25
150,2,untrained,14,1,1,1,0.6,1.4,ascending,0.821583836,0.25
150,2,untrained,15,1.1,0,1,0.6,1.4,ascending,0.821583836,0.25
150,2,untrained,16,1.2,0,1,0.6,1.4,ascending,0.821583836,0.25
150,2,untrained,17,1.3,0,1,0.6,1.4,ascending,0.821583836,0.25
150,2,untrained,18,1.4,0,1,0.6,1.4,ascending,0.821583836,0.25
150,2,untrained,19,1.4,0,1,1.4,0.6,descending,0.456435465,0.25
150,2,untrained,20,1.3,0,1,1.4,0.6,descending,0.456435465,0.25
150,2,untrained,21,1.2,1,0,1.4,0.6,descending,0.456435465,0.25
150,2,untrained,22,1.1,0,1,1.4,0.6,descending,0.456435465,0.25
150,2,untrained,23,1,1,1,1.4,0.6,descending,0.456435465,0.25
150,2,untrained,24,0.9,1,1,1.4,0.6,descending,0.456435465,0.25
150,2,untrained,25,0.8,1,1,1.4,0.6,descending,0.456435465,0.25
150,2,untrained,26,0.7,0,0,1.4,0.6,descending,0.456435465,0.25
150,2,untrained,27,0.6,0,0,1.4,0.6,descending,0.456435465,0.25
150,2,untrained,46,0.6,0,0,0.6,1.4,ascending,0.724568837,0.194444444
150,2,untrained,47,0.7,0,0,0.6,1.4,ascending,0.724568837,0.194444444
150,2,untrained,48,0.8,1,1,0.6,1.4,ascending,0.724568837,0.194444444
150,2,untrained,49,0.9,1,1,0.6,1.4,ascending,0.724568837,0.194444444
150,2,untrained,50,1,1,1,0.6,1.4,ascending,0.724568837,0.194444444
150,2,untrained,51,1.1,0,1,0.6,1.4,ascending,0.724568837,0.194444444
150,2,untrained,52,1.2,0,1,0.6,1.4,ascending,0.724568837,0.194444444
150,2,untrained,53,1.3,0,1,0.6,1.4,ascending,0.724568837,0.194444444
150,2,untrained,54,1.4,0,1,0.6,1.4,ascending,0.724568837,0.194444444
151,1,untrained,10,1.4,0,1,1.4,0.6,descending,0.724568837,0.194444444
151,1,untrained,11,1.3,0,1,1.4,0.6,descending,0.724568837,0.194444444
151,1,untrained,12,1.2,1,0,1.4,0.6,descending,0.724568837,0.194444444
151,1,untrained,13,1.1,1,0,1.4,0.6,descending,0.724568837,0.194444444
151,1,untrained,14,1,0,0,1.4,0.6,descending,0.724568837,0.194444444
151,1,untrained,15,0.9,0,0,1.4,0.6,descending,0.724568837,0.194444444
151,1,untrained,16,0.8,0,0,1.4,0.6,descending,0.724568837,0.194444444
151,1,untrained,17,0.7,0,0,1.4,0.6,descending,0.724568837,0.194444444
151,1,untrained,18,0.6,0,0,1.4,0.6,descending,0.724568837,0.194444444
151,1,untrained,19,0.6,0,0,0.6,1.4,ascending,0.866025404,0.277777778
151,1,untrained,20,0.7,0,0,0.6,1.4,ascending,0.866025404,0.277777778
151,1,untrained,21,0.8,0,0,0.6,1.4,ascending,0.866025404,0.277777778
151,1,untrained,22,0.9,0,0,0.6,1.4,ascending,0.866025404,0.277777778
151,1,untrained,23,1,0,0,0.6,1.4,ascending,0.866025404,0.277777778
151,1,untrained,24,1.1,0,1,0.6,1.4,ascending,0.866025404,0.277777778
151,1,untrained,25,1.2,0,1,0.6,1.4,ascending,0.866025404,0.277777778
151,1,untrained,26,1.3,0,1,0.6,1.4,ascending,0.866025404,0.277777778
151,1,untrained,27,1.4,0,1,0.6,1.4,ascending,0.866025404,0.277777778
151,1,untrained,37,0.6,0,0,0.6,1.4,ascending,0.866025404,0.277777778
151,1,untrained,38,0.7,0,0,0.6,1.4,ascending,0.866025404,0.277777778
151,1,untrained,39,0.8,0,0,0.6,1.4,ascending,0.866025404,0.277777778
151,1,untrained,40,0.9,0,0,0.6,1.4,ascending,0.866025404,0.277777778
151,1,untrained,41,1,1,1,0.6,1.4,ascending,0.866025404,0.277777778
151,1,untrained,42,1.1,0,1,0.6,1.4,ascending,0.866025404,0.277777778
151,1,untrained,43,1.2,0,1,0.6,1.4,ascending,0.866025404,0.277777778
151,1,untrained,44,1.3,0,1,0.6,1.4,ascending,0.866025404,0.277777778
151,1,untrained,45,1.4,0,1,0.6,1.4,ascending,0.866025404,0.277777778
151,1,untrained,46,1.4,0,1,1.4,0.6,descending,0.821583836,0.25
151,1,untrained,47,1.3,0,1,1.4,0.6,descending,0.821583836,0.25
151,1,untrained,48,1.2,0,1,1.4,0.6,descending,0.821583836,0.25
151,1,untrained,49,1.1,0,1,1.4,0.6,descending,0.821583836,0.25
151,1,untrained,50,1,1,1,1.4,0.6,descending,0.821583836,0.25
151,1,untrained,51,0.9,1,1,1.4,0.6,descending,0.821583836,0.25
151,1,untrained,52,0.8,0,0,1.4,0.6,descending,0.821583836,0.25
151,1,untrained,53,0.7,0,0,1.4,0.6,descending,0.821583836,0.25
151,1,untrained,54,0.6,0,0,1.4,0.6,descending,0.821583836,0.25
151,1,untrained,55,0.6,0,0,0.6,1.4,ascending,0.866025404,0.277777778
151,1,untrained,56,0.7,0,0,0.6,1.4,ascending,0.866025404,0.277777778
151,1,untrained,57,0.8,0,0,0.6,1.4,ascending,0.866025404,0.277777778
151,1,untrained,58,0.9,0,0,0.6,1.4,ascending,0.866025404,0.277777778
151,1,untrained,59,1,1,1,0.6,1.4,ascending,0.866025404,0.277777778
151,1,untrained,60,1.1,0,1,0.6,1.4,ascending,0.866025404,0.277777778
151,1,untrained,61,1.2,0,1,0.6,1.4,ascending,0.866025404,0.277777778
151,1,untrained,62,1.3,0,1,0.6,1.4,ascending,0.866025404,0.277777778
151,1,untrained,63,1.4,0,1,0.6,1.4,ascending,0.866025404,0.277777778
151,1,untrained,64,1.4,0,1,1.4,0.6,descending,0.547722558,0.111111111
151,1,untrained,65,1.3,0,1,1.4,0.6,descending,0.547722558,0.111111111
151,1,untrained,66,1.2,0,1,1.4,0.6,descending,0.547722558,0.111111111
151,1,untrained,67,1.1,0,1,1.4,0.6,descending,0.547722558,0.111111111
151,1,untrained,68,1,1,1,1.4,0.6,descending,0.547722558,0.111111111
151,1,untrained,69,0.9,1,1,1.4,0.6,descending,0.547722558,0.111111111
151,1,untrained,70,0.8,1,1,1.4,0.6,descending,0.547722558,0.111111111
151,1,untrained,71,0.7,1,1,1.4,0.6,descending,0.547722558,0.111111111
151,1,untrained,72,0.6,0,0,1.4,0.6,descending,0.547722558,0.111111111
151,2,trained,1,1.4,0,1,1.4,0.6,descending,0.606217783,0.277777778
151,2,trained,2,1.3,0,1,1.4,0.6,descending,0.606217783,0.277777778
151,2,trained,3,1.2,0,1,1.4,0.6,descending,0.606217783,0.277777778
151,2,trained,4,1.1,0,1,1.4,0.6,descending,0.606217783,0.277777778
151,2,trained,5,1,0,0,1.4,0.6,descending,0.606217783,0.277777778
151,2,trained,6,0.9,0,0,1.4,0.6,descending,0.606217783,0.277777778
151,2,trained,7,0.8,0,0,1.4,0.6,descending,0.606217783,0.277777778
151,2,trained,8,0.7,1,1,1.4,0.6,descending,0.606217783,0.277777778
151,2,trained,9,0.6,0,0,1.4,0.6,descending,0.606217783,0.277777778
151,2,trained,10,0.6,0,0,0.6,1.4,ascending,0.866025404,0.277777778
151,2,trained,11,0.7,0,0,0.6,1.4,ascending,0.866025404,0.277777778
151,2,trained,12,0.8,0,0,0.6,1.4,ascending,0.866025404,0.277777778
151,2,trained,13,0.9,0,0,0.6,1.4,ascending,0.866025404,0.277777778
151,2,trained,14,1,1,1,0.6,1.4,ascending,0.866025404,0.277777778
151,2,trained,15,1.1,0,1,0.6,1.4,ascending,0.866025404,0.277777778
151,2,trained,16,1.2,0,1,0.6,1.4,ascending,0.866025404,0.277777778
151,2,trained,17,1.3,0,1,0.6,1.4,ascending,0.866025404,0.277777778
151,2,trained,18,1.4,0,1,0.6,1.4,ascending,0.866025404,0.277777778
151,2,trained,28,0.6,1,1,0.6,1.4,ascending,0.51754917,0.194444444
151,2,trained,29,0.7,0,0,0.6,1.4,ascending,0.51754917,0.194444444
151,2,trained,30,0.8,0,0,0.6,1.4,ascending,0.51754917,0.194444444
151,2,trained,31,0.9,1,1,0.6,1.4,ascending,0.51754917,0.194444444
151,2,trained,32,1,1,1,0.6,1.4,ascending,0.51754917,0.194444444
151,2,trained,33,1.1,0,1,0.6,1.4,ascending,0.51754917,0.194444444
151,2,trained,34,1.2,0,1,0.6,1.4,ascending,0.51754917,0.194444444
151,2,trained,35,1.3,0,1,0.6,1.4,ascending,0.51754917,0.194444444
151,2,trained,36,1.4,0,1,0.6,1.4,ascending,0.51754917,0.194444444
151,2,trained,37,1.4,0,1,1.4,0.6,descending,0.724568837,0.194444444
151,2,trained,38,1.3,0,1,1.4,0.6,descending,0.724568837,0.194444444
151,2,trained,39,1.2,0,1,1.4,0.6,descending,0.724568837,0.194444444
151,2,trained,40,1.1,0,1,1.4,0.6,descending,0.724568837,0.194444444
151,2,trained,41,1,1,1,1.4,0.6,descending,0.724568837,0.194444444
151,2,trained,42,0.9,1,1,1.4,0.6,descending,0.724568837,0.194444444
151,2,trained,43,0.8,1,1,1.4,0.6,descending,0.724568837,0.194444444
151,2,trained,44,0.7,0,0,1.4,0.6,descending,0.724568837,0.194444444
151,2,trained,45,0.6,0,0,1.4,0.6,descending,0.724568837,0.194444444
151,2,trained,46,0.6,0,0,0.6,1.4,ascending,0.821583836,0.25
151,2,trained,47,0.7,0,0,0.6,1.4,ascending,0.821583836,0.25
151,2,trained,48,0.8,0,0,0.6,1.4,ascending,0.821583836,0.25
151,2,trained,49,0.9,1,1,0.6,1.4,ascending,0.821583836,0.25
151,2,trained,50,1,1,1,0.6,1.4,ascending,0.821583836,0.25
151,2,trained,51,1.1,0,1,0.6,1.4,ascending,0.821583836,0.25
151,2,trained,52,1.2,0,1,0.6,1.4,ascending,0.821583836,0.25
151,2,trained,53,1.3,0,1,0.6,1.4,ascending,0.821583836,0.25
151,2,trained,54,1.4,0,1,0.6,1.4,ascending,0.821583836,0.25
151,2,trained,55,1.4,0,1,1.4,0.6,descending,0.547722558,0.25
151,2,trained,56,1.3,0,1,1.4,0.6,descending,0.547722558,0.25
151,2,trained,57,1.2,0,1,1.4,0.6,descending,0.547722558,0.25
151,2,trained,58,1.1,1,0,1.4,0.6,descending,0.547722558,0.25
151,2,trained,59,1,1,1,1.4,0.6,descending,0.547722558,0.25
151,2,trained,60,0.9,1,1,1.4,0.6,descending,0.547722558,0.25
151,2,trained,61,0.8,1,1,1.4,0.6,descending,0.547722558,0.25
151,2,trained,62,0.7,0,0,1.4,0.6,descending,0.547722558,0.25
151,2,trained,63,0.6,0,0,1.4,0.6,descending,0.547722558,0.25
151,2,trained,64,0.6,0,0,0.6,1.4,ascending,0.724568837,0.194444444
151,2,trained,65,0.7,0,0,0.6,1.4,ascending,0.724568837,0.194444444
151,2,trained,66,0.8,1,1,0.6,1.4,ascending,0.724568837,0.194444444
151,2,trained,67,0.9,1,1,0.6,1.4,ascending,0.724568837,0.194444444
151,2,trained,68,1,1,1,0.6,1.4,ascending,0.724568837,0.194444444
151,2,trained,69,1.1,0,1,0.6,1.4,ascending,0.724568837,0.194444444
151,2,trained,70,1.2,0,1,0.6,1.4,ascending,0.724568837,0.194444444
151,2,trained,71,1.3,0,1,0.6,1.4,ascending,0.724568837,0.194444444
151,2,trained,72,1.4,0,1,0.6,1.4,ascending,0.724568837,0.194444444
152,1,trained,1,0.6,0,0,0.6,1.4,ascending,0.866025404,0.277777778
152,1,trained,2,0.7,0,0,0.6,1.4,ascending,0.866025404,0.277777778
152,1,trained,3,0.8,0,0,0.6,1.4,ascending,0.866025404,0.277777778
152,1,trained,4,0.9,0,0,0.6,1.4,ascending,0.866025404,0.277777778
152,1,trained,5,1,1,1,0.6,1.4,ascending,0.866025404,0.277777778
152,1,trained,6,1.1,0,1,0.6,1.4,ascending,0.866025404,0.277777778
152,1,trained,7,1.2,0,1,0.6,1.4,ascending,0.866025404,0.277777778
152,1,trained,8,1.3,0,1,0.6,1.4,ascending,0.866025404,0.277777778
152,1,trained,9,1.4,0,1,0.6,1.4,ascending,0.866025404,0.277777778
152,1,trained,10,1.4,0,1,1.4,0.6,descending,0.821583836,0.25
152,1,trained,11,1.3,0,1,1.4,0.6,descending,0.821583836,0.25
152,1,trained,12,1.2,0,1,1.4,0.6,descending,0.821583836,0.25
152,1,trained,13,1.1,0,1,1.4,0.6,descending,0.821583836,0.25
152,1,trained,14,1,1,1,1.4,0.6,descending,0.821583836,0.25
152,1,trained,15,0.9,1,1,1.4,0.6,descending,0.821583836,0.25
152,1,trained,16,0.8,0,0,1.4,0.6,descending,0.821583836,0.25
152,1,trained,17,0.7,0,0,1.4,0.6,descending,0.821583836,0.25
152,1,trained,18,0.6,0,0,1.4,0.6,descending,0.821583836,0.25
152,1,trained,19,0.6,0,0,0.6,1.4,ascending,0.866025404,0.277777778
152,1,trained,20,0.7,0,0,0.6,1.4,ascending,0.866025404,0.277777778
152,1,trained,21,0.8,0,0,0.6,1.4,ascending,0.866025404,0.277777778
152,1,trained,22,0.9,0,0,0.6,1.4,ascending,0.866025404,0.277777778
152,1,trained,23,1,0,0,0.6,1.4,ascending,0.866025404,0.277777778
152,1,trained,24,1.1,0,1,0.6,1.4,ascending,0.866025404,0.277777778
152,1,trained,25,1.2,0,1,0.6,1.4,ascending,0.866025404,0.277777778
152,1,trained,26,1.3,0,1,0.6,1.4,ascending,0.866025404,0.277777778
152,1,trained,27,1.4,0,1,0.6,1.4,ascending,0.866025404,0.277777778
152,1,trained,28,1.4,0,1,1.4,0.6,descending,0.821583836,0.25
152,1,trained,29,1.3,0,1,1.4,0.6,descending,0.821583836,0.25
152,1,trained,30,1.2,0,1,1.4,0.6,descending,0.821583836,0.25
152,1,trained,31,1.1,0,1,1.4,0.6,descending,0.821583836,0.25
152,1,trained,32,1,1,1,1.4,0.6,descending,0.821583836,0.25
152,1,trained,33,0.9,1,1,1.4,0.6,descending,0.821583836,0.25
152,1,trained,34,0.8,0,0,1.4,0.6,descending,0.821583836,0.25
152,1,trained,35,0.7,0,0,1.4,0.6,descending,0.821583836,0.25
152,1,trained,36,0.6,0,0,1.4,0.6,descending,0.821583836,0.25
152,1,trained,37,0.6,1,1,0.6,1.4,ascending,0.547722558,0.25
152,1,trained,38,0.7,0,0,0.6,1.4,ascending,0.547722558,0.25
152,1,trained,39,0.8,0,0,0.6,1.4,ascending,0.547722558,0.25
152,1,trained,40,0.9,0,0,0.6,1.4,ascending,0.547722558,0.25
152,1,trained,41,1,1,1,0.6,1.4,ascending,0.547722558,0.25
152,1,trained,42,1.1,0,1,0.6,1.4,ascending,0.547722558,0.25
152,1,trained,43,1.2,0,1,0.6,1.4,ascending,0.547722558,0.25
152,1,trained,44,1.3,0,1,0.6,1.4,ascending,0.547722558,0.25
152,1,trained,45,1.4,0,1,0.6,1.4,ascending,0.547722558,0.25
152,1,trained,46,1.4,0,1,1.4,0.6,descending,0.821583836,0.25
152,1,trained,47,1.3,0,1,1.4,0.6,descending,0.821583836,0.25
152,1,trained,48,1.2,0,1,1.4,0.6,descending,0.821583836,0.25
152,1,trained,49,1.1,0,1,1.4,0.6,descending,0.821583836,0.25
152,1,trained,50,1,1,1,1.4,0.6,descending,0.821583836,0.25
152,1,trained,51,0.9,1,1,1.4,0.6,descending,0.821583836,0.25
152,1,trained,52,0.8,0,0,1.4,0.6,descending,0.821583836,0.25
152,1,trained,53,0.7,0,0,1.4,0.6,descending,0.821583836,0.25
152,1,trained,54,0.6,0,0,1.4,0.6,descending,0.821583836,0.25
152,1,trained,55,0.6,0,0,0.6,1.4,ascending,0.821583836,0.25
152,1,trained,56,0.7,0,0,0.6,1.4,ascending,0.821583836,0.25
152,1,trained,57,0.8,0,0,0.6,1.4,ascending,0.821583836,0.25
152,1,trained,58,0.9,1,1,0.6,1.4,ascending,0.821583836,0.25
152,1,trained,59,1,1,1,0.6,1.4,ascending,0.821583836,0.25
152,1,trained,60,1.1,0,1,0.6,1.4,ascending,0.821583836,0.25
152,1,trained,61,1.2,0,1,0.6,1.4,ascending,0.821583836,0.25
152,1,trained,62,1.3,0,1,0.6,1.4,ascending,0.821583836,0.25
152,1,trained,63,1.4,0,1,0.6,1.4,ascending,0.821583836,0.25
152,1,trained,64,1.4,0,1,1.4,0.6,descending,0.821583836,0.25
152,1,trained,65,1.3,0,1,1.4,0.6,descending,0.821583836,0.25
152,1,trained,66,1.2,0,1,1.4,0.6,descending,0.821583836,0.25
152,1,trained,67,1.1,0,1,1.4,0.6,descending,0.821583836,0.25
152,1,trained,68,1,1,1,1.4,0.6,descending,0.821583836,0.25
152,1,trained,69,0.9,1,1,1.4,0.6,descending,0.821583836,0.25
152,1,trained,70,0.8,0,0,1.4,0.6,descending,0.821583836,0.25
152,1,trained,71,0.7,0,0,1.4,0.6,descending,0.821583836,0.25
152,1,trained,72,0.6,0,0,1.4,0.6,descending,0.821583836,0.25
152,2,untrained,1,1.4,0,1,1.4,0.6,descending,0.821583836,0.25
152,2,untrained,2,1.3,0,1,1.4,0.6,descending,0.821583836,0.25
152,2,untrained,3,1.2,0,1,1.4,0.6,descending,0.821583836,0.25
152,2,untrained,4,1.1,0,1,1.4,0.6,descending,0.821583836,0.25
152,2,untrained,5,1,1,1,1.4,0.6,descending,0.821583836,0.25
152,2,untrained,6,0.9,1,1,1.4,0.6,descending,0.821583836,0.25
152,2,untrained,7,0.8,0,0,1.4,0.6,descending,0.821583836,0.25
152,2,untrained,8,0.7,0,0,1.4,0.6,descending,0.821583836,0.25
152,2,untrained,9,0.6,0,0,1.4,0.6,descending,0.821583836,0.25
152,2,untrained,10,0.6,0,0,0.6,1.4,ascending,0.866025404,0.277777778
152,2,untrained,11,0.7,0,0,0.6,1.4,ascending,0.866025404,0.277777778
152,2,untrained,12,0.8,0,0,0.6,1.4,ascending,0.866025404,0.277777778
152,2,untrained,13,0.9,0,0,0.6,1.4,ascending,0.866025404,0.277777778
152,2,untrained,14,1,1,1,0.6,1.4,ascending,0.866025404,0.277777778
152,2,untrained,15,1.1,0,1,0.6,1.4,ascending,0.866025404,0.277777778
152,2,untrained,16,1.2,0,1,0.6,1.4,ascending,0.866025404,0.277777778
152,2,untrained,17,1.3,0,1,0.6,1.4,ascending,0.866025404,0.277777778
152,2,untrained,18,1.4,0,1,0.6,1.4,ascending,0.866025404,0.277777778
152,2,untrained,19,1.4,0,1,1.4,0.6,descending,0.866025404,0.277777778
152,2,untrained,20,1.3,0,1,1.4,0.6,descending,0.866025404,0.277777778
152,2,untrained,21,1.2,0,1,1.4,0.6,descending,0.866025404,0.277777778
152,2,untrained,22,1.1,0,1,1.4,0.6,descending,0.866025404,0.277777778
152,2,untrained,23,1,1,1,1.4,0.6,descending,0.866025404,0.277777778
152,2,untrained,24,0.9,0,0,1.4,0.6,descending,0.866025404,0.277777778
152,2,untrained,25,0.8,0,0,1.4,0.6,descending,0.866025404,0.277777778
152,2,untrained,26,0.7,0,0,1.4,0.6,descending,0.866025404,0.277777778
152,2,untrained,27,0.6,0,0,1.4,0.6,descending,0.866025404,0.277777778
152,2,untrained,28,0.6,0,0,0.6,1.4,ascending,0.779422863,0.277777778
152,2,untrained,29,0.7,0,0,0.6,1.4,ascending,0.779422863,0.277777778
152,2,untrained,30,0.8,0,0,0.6,1.4,ascending,0.779422863,0.277777778
152,2,untrained,31,0.9,0,0,0.6,1.4,ascending,0.779422863,0.277777778
152,2,untrained,32,1,1,1,0.6,1.4,ascending,0.779422863,0.277777778
152,2,untrained,33,1.1,1,0,0.6,1.4,ascending,0.779422863,0.277777778
152,2,untrained,34,1.2,0,1,0.6,1.4,ascending,0.779422863,0.277777778
152,2,untrained,35,1.3,0,1,0.6,1.4,ascending,0.779422863,0.277777778
152,2,untrained,36,1.4,0,1,0.6,1.4,ascending,0.779422863,0.277777778
152,2,untrained,37,1.4,0,1,1.4,0.6,descending,0.821583836,0.25
152,2,untrained,38,1.3,0,1,1.4,0.6,descending,0.821583836,0.25
152,2,untrained,39,1.2,0,1,1.4,0.6,descending,0.821583836,0.25
152,2,untrained,40,1.1,0,1,1.4,0.6,descending,0.821583836,0.25
152,2,untrained,41,1,1,1,1.4,0.6,descending,0.821583836,0.25
152,2,untrained,42,0.9,1,1,1.4,0.6,descending,0.821583836,0.25
152,2,untrained,43,0.8,0,0,1.4,0.6,descending,0.821583836,0.25
152,2,untrained,44,0.7,0,0,1.4,0.6,descending,0.821583836,0.25
152,2,untrained,45,0.6,0,0,1.4,0.6,descending,0.821583836,0.25
152,2,untrained,46,0.6,0,0,0.6,1.4,ascending,0.821583836,0.25
152,2,untrained,47,0.7,0,0,0.6,1.4,ascending,0.821583836,0.25
152,2,untrained,48,0.8,0,0,0.6,1.4,ascending,0.821583836,0.25
152,2,untrained,49,0.9,1,1,0.6,1.4,ascending,0.821583836,0.25
152,2,untrained,50,1,1,1,0.6,1.4,ascending,0.821583836,0.25
152,2,untrained,51,1.1,0,1,0.6,1.4,ascending,0.821583836,0.25
152,2,untrained,52,1.2,0,1,0.6,1.4,ascending,0.821583836,0.25
152,2,untrained,53,1.3,0,1,0.6,1.4,ascending,0.821583836,0.25
152,2,untrained,54,1.4,0,1,0.6,1.4,ascending,0.821583836,0.25
152,2,untrained,55,1.4,0,1,1.4,0.6,descending,0.866025404,0.277777778
152,2,untrained,56,1.3,0,1,1.4,0.6,descending,0.866025404,0.277777778
152,2,untrained,57,1.2,0,1,1.4,0.6,descending,0.866025404,0.277777778
152,2,untrained,58,1.1,0,1,1.4,0.6,descending,0.866025404,0.277777778
152,2,untrained,59,1,1,1,1.4,0.6,descending,0.866025404,0.277777778
152,2,untrained,60,0.9,0,0,1.4,0.6,descending,0.866025404,0.277777778
152,2,untrained,61,0.8,0,0,1.4,0.6,descending,0.866025404,0.277777778
152,2,untrained,62,0.7,0,0,1.4,0.6,descending,0.866025404,0.277777778
152,2,untrained,63,0.6,0,0,1.4,0.6,descending,0.866025404,0.277777778
152,2,untrained,64,0.6,0,0,0.6,1.4,ascending,0.866025404,0.277777778
152,2,untrained,65,0.7,0,0,0.6,1.4,ascending,0.866025404,0.277777778
152,2,untrained,66,0.8,0,0,0.6,1.4,ascending,0.866025404,0.277777778
152,2,untrained,67,0.9,0,0,0.6,1.4,ascending,0.866025404,0.277777778
152,2,untrained,68,1,0,0,0.6,1.4,ascending,0.866025404,0.277777778
152,2,untrained,69,1.1,0,1,0.6,1.4,ascending,0.866025404,0.277777778
152,2,untrained,70,1.2,0,1,0.6,1.4,ascending,0.866025404,0.277777778
152,2,untrained,71,1.3,0,1,0.6,1.4,ascending,0.866025404,0.277777778
152,2,untrained,72,1.4,0,1,0.6,1.4,ascending,0.866025404,0.277777778
